epoch:0, class fscore: [0.         0.         0.         0.01527805 0.         0.
 0.         0.06633077 0.         0.         0.0327418  0.
 0.         0.         0.         0.         0.         0.
 0.         0.0066433  0.        ]
epoch:1, class fscore: [0.         0.         0.         0.         0.         0.
 0.         0.         0.         0.         0.         0.00667057
 0.         0.         0.         0.         0.         0.
 0.         0.         0.13460684]
epoch:2, class fscore: [0.         0.         0.         0.         0.         0.
 0.         0.         0.         0.         0.         0.05075819
 0.         0.         0.         0.         0.         0.
 0.         0.         0.19777678]
epoch:3, class fscore: [0.         0.         0.         0.         0.         0.
 0.         0.         0.         0.         0.         0.00031547
 0.         0.         0.         0.         0.         0.
 0.         0.         0.17869924]
epoch:4, class fscore: [0.         0.         0.         0.         0.         0.
 0.         0.         0.         0.         0.         0.03160527
 0.         0.         0.         0.         0.         0.
 0.         0.         0.23803183]
epoch:5, class fscore: [0.         0.         0.         0.         0.         0.
 0.         0.         0.         0.         0.         0.
 0.         0.         0.         0.         0.         0.
 0.         0.         0.23781039]
epoch:6, class fscore: [0.         0.         0.         0.         0.         0.
 0.         0.         0.         0.         0.         0.15654221
 0.         0.         0.         0.         0.         0.
 0.         0.28954577 0.48731933]
epoch:7, class fscore: [0.00000000e+00 0.00000000e+00 0.00000000e+00 0.00000000e+00
 0.00000000e+00 0.00000000e+00 0.00000000e+00 0.00000000e+00
 0.00000000e+00 0.00000000e+00 0.00000000e+00 2.93909057e-01
 0.00000000e+00 2.99645669e-04 0.00000000e+00 0.00000000e+00
 0.00000000e+00 0.00000000e+00 0.00000000e+00 3.66554809e-01
 7.35098133e-01]
epoch:8, class fscore: [0.         0.         0.         0.         0.         0.
 0.         0.         0.         0.         0.         0.46998609
 0.         0.00273996 0.         0.         0.         0.
 0.         0.39083806 0.70493853]
epoch:9, class fscore: [0.         0.         0.         0.         0.         0.
 0.         0.         0.         0.         0.         0.30000809
 0.         0.00806734 0.         0.         0.0030658  0.
 0.         0.28695056 0.46520123]
epoch:10, class fscore: [0.         0.14091704 0.         0.01456074 0.         0.
 0.         0.00083381 0.         0.         0.         0.73897772
 0.         0.23881687 0.         0.         0.24847054 0.03682253
 0.01317486 0.7403999  0.73426809]
epoch:11, class fscore: [0.         0.23163204 0.         0.0106136  0.         0.
 0.         0.01501433 0.         0.         0.         0.8739714
 0.         0.28966945 0.         0.         0.50736641 0.21263665
 0.10157042 0.53932974 0.75911927]
epoch:12, class fscore: [0.         0.38764515 0.         0.05942666 0.         0.
 0.         0.         0.         0.         0.         0.90148992
 0.         0.53701279 0.         0.         0.68844766 0.02526987
 0.0391489  0.16402732 0.73840915]
epoch:13, class fscore: [0.00000000e+00 3.75787519e-01 0.00000000e+00 3.13947100e-04
 0.00000000e+00 8.61037665e-03 0.00000000e+00 1.43831149e-03
 0.00000000e+00 0.00000000e+00 0.00000000e+00 8.93586350e-01
 0.00000000e+00 2.95858638e-01 0.00000000e+00 0.00000000e+00
 8.02192638e-01 2.17447131e-01 1.24593376e-01 7.38468613e-01
 7.72439503e-01]
epoch:14, class fscore: [0.         0.34792822 0.         0.00300329 0.         0.
 0.         0.00259718 0.         0.         0.         0.69652151
 0.         0.4297808  0.         0.         0.30428502 0.0894303
 0.40572269 0.47265542 0.76468093]
epoch:15, class fscore: [0.00000000e+00 6.31746899e-01 0.00000000e+00 2.74714493e-04
 0.00000000e+00 2.31379087e-01 1.43162499e-02 2.49332921e-01
 7.54707161e-04 7.46846596e-02 0.00000000e+00 8.77239760e-01
 4.29599399e-04 5.73978589e-01 0.00000000e+00 0.00000000e+00
 8.31067713e-01 1.88233128e-01 1.90806304e-01 7.44425502e-01
 7.87028639e-01]
epoch:16, class fscore: [0.00000000e+00 4.42293570e-01 0.00000000e+00 0.00000000e+00
 0.00000000e+00 5.51073200e-03 5.93794844e-05 5.46322099e-02
 3.20886060e-03 0.00000000e+00 0.00000000e+00 8.77122813e-01
 1.18095443e-03 6.52530701e-01 0.00000000e+00 0.00000000e+00
 7.92476685e-01 3.72501114e-01 1.47591122e-02 3.70428483e-01
 7.05115195e-01]
epoch:17, class fscore: [0.00000000e+00 5.92071722e-01 0.00000000e+00 4.22419525e-03
 0.00000000e+00 1.40340571e-01 6.23121180e-03 1.62823506e-02
 1.31221541e-04 1.60256410e-02 0.00000000e+00 8.87818347e-01
 6.80113830e-04 8.10980697e-01 0.00000000e+00 0.00000000e+00
 6.96994340e-01 3.12507123e-01 2.36526118e-03 2.87719206e-01
 7.58848677e-01]
epoch:18, class fscore: [0.00000000e+00 5.59428084e-01 0.00000000e+00 3.63468528e-02
 0.00000000e+00 2.66199592e-01 7.91686454e-02 4.01713032e-01
 3.90664509e-02 9.24458531e-03 0.00000000e+00 8.96367538e-01
 5.39208684e-03 8.11648558e-01 7.61258241e-03 1.56970030e-04
 7.43985422e-01 3.65862507e-01 2.05888497e-01 6.63124607e-01
 7.30591066e-01]
epoch:19, class fscore: [0.00000000e+00 4.84658060e-01 6.44745326e-04 1.76470588e-03
 0.00000000e+00 3.97877198e-01 2.72613854e-01 4.55510899e-01
 1.40044012e-01 1.45844617e-02 0.00000000e+00 8.95317526e-01
 2.63782880e-01 8.03249090e-01 6.77402474e-02 1.15963922e-02
 8.42401514e-01 3.03713251e-01 1.76851339e-01 6.96827161e-01
 7.95093121e-01]
epoch:20, class fscore: [0.         0.45603983 0.         0.05095211 0.         0.32703286
 0.24194007 0.49324667 0.31077465 0.09009168 0.         0.9077313
 0.10461392 0.82723787 0.08776924 0.04994019 0.85670649 0.33102523
 0.07219969 0.60938937 0.78980483]
epoch:21, class fscore: [0.00000000e+00 7.59490004e-01 2.35965420e-03 2.29609333e-01
 0.00000000e+00 2.57138268e-01 2.82182260e-02 2.35229372e-01
 3.57294516e-01 3.28813429e-02 0.00000000e+00 8.90542404e-01
 9.41327750e-02 7.68773406e-01 5.51305906e-04 0.00000000e+00
 8.20137158e-01 4.22142795e-01 2.38778242e-01 1.24248314e-01
 8.05696383e-01]
epoch:22, class fscore: [0.         0.56308702 0.02391661 0.10834362 0.         0.47052354
 0.21082471 0.42273248 0.50350545 0.06525447 0.         0.90337672
 0.36167109 0.83522207 0.10402078 0.0348104  0.85218182 0.36761278
 0.18062346 0.07960822 0.81764503]
epoch:23, class fscore: [0.         0.52253729 0.00352367 0.31536688 0.         0.45841658
 0.30256751 0.46177    0.41850632 0.05020438 0.         0.90815111
 0.37502707 0.83493292 0.09940038 0.04612087 0.82771744 0.33077754
 0.20855505 0.36286901 0.74423729]
epoch:24, class fscore: [2.67540633e-05 6.41525708e-01 1.08457563e-02 5.16522724e-01
 0.00000000e+00 4.62514149e-01 3.19994303e-01 3.35210279e-01
 5.96029124e-01 1.11919219e-01 0.00000000e+00 9.00680322e-01
 5.08626349e-01 8.30602026e-01 1.16334817e-01 2.05140197e-02
 8.64173259e-01 4.08362390e-01 1.45152665e-01 1.82504608e-01
 8.00203781e-01]
epoch:25, class fscore: [0.01042648 0.60757815 0.00098827 0.49349701 0.         0.50497432
 0.11876821 0.29317814 0.6480475  0.00123635 0.         0.89162229
 0.56020256 0.82798172 0.19652987 0.06024976 0.84723434 0.43298765
 0.45210284 0.00840478 0.70144593]
epoch:26, class fscore: [8.01806738e-05 7.01535090e-01 1.31830746e-02 3.74005765e-01
 0.00000000e+00 4.46706857e-01 3.64587646e-01 4.37197775e-01
 5.77316721e-01 1.79208192e-02 0.00000000e+00 8.90953636e-01
 5.33110033e-01 8.00126268e-01 5.48798195e-02 6.38716910e-02
 8.40275015e-01 4.39684125e-01 2.78871122e-01 3.95227105e-02
 7.98033533e-01]
epoch:27, class fscore: [1.60515791e-04 6.99605752e-01 0.00000000e+00 1.80233180e-01
 0.00000000e+00 3.72713914e-01 7.63377751e-02 2.43395980e-01
 3.29505252e-01 7.18687198e-04 0.00000000e+00 8.98313504e-01
 4.50959470e-02 7.63475050e-01 1.10036941e-03 0.00000000e+00
 8.59853820e-01 4.47816901e-01 1.14976420e-01 1.35100238e-01
 7.88163032e-01]
epoch:28, class fscore: [3.75544340e-03 7.21738353e-01 0.00000000e+00 7.56834114e-01
 0.00000000e+00 4.92900856e-01 2.94181071e-01 5.56427865e-01
 6.11718943e-01 7.82598385e-03 1.57859426e-03 8.98811276e-01
 4.64448776e-01 8.49745469e-01 7.47130266e-02 5.29842262e-04
 8.43058082e-01 4.31624717e-01 4.29302580e-01 3.95868681e-01
 8.16422314e-01]
epoch:29, class fscore: [0.02112196 0.67220022 0.00313406 0.74512745 0.         0.55040881
 0.26035564 0.69131825 0.61637902 0.00156019 0.00634108 0.89705062
 0.4085709  0.85158471 0.53724449 0.15253056 0.85403491 0.39658014
 0.50360659 0.71195984 0.80997211]
epoch:30, class fscore: [6.47932609e-02 7.71234941e-01 3.30709317e-02 7.49816706e-01
 2.25085814e-04 5.37491605e-01 4.67424944e-01 7.47587649e-01
 7.25448691e-01 1.53502880e-01 1.44831096e-02 9.01609509e-01
 6.50747929e-01 8.59202349e-01 5.50288822e-01 2.85338472e-01
 8.59313677e-01 4.17045639e-01 5.90122811e-01 3.35696692e-01
 8.12357109e-01]
epoch:31, class fscore: [2.44249949e-02 7.45612792e-01 2.48716438e-02 7.21865044e-01
 1.68842864e-04 5.76975212e-01 4.39643347e-01 6.65545198e-01
 6.96526802e-01 1.74944675e-02 3.54449324e-04 9.02053412e-01
 6.05672376e-01 8.54209227e-01 4.62344719e-01 3.57718453e-01
 8.57313269e-01 3.65134282e-01 5.87379385e-01 7.56250883e-01
 8.21607193e-01]
epoch:32, class fscore: [3.11375517e-01 7.02155194e-01 1.92283311e-02 6.49774485e-01
 2.25098481e-04 5.52291283e-01 3.17561032e-01 7.42784881e-01
 6.98266990e-01 6.13481380e-02 3.05201235e-02 8.98649035e-01
 4.91989815e-01 8.54712219e-01 5.35792895e-01 2.76425055e-01
 8.38108977e-01 4.95501349e-01 4.74409144e-01 7.08762655e-01
 7.86316367e-01]
epoch:33, class fscore: [2.63920217e-01 8.00532626e-01 8.18355149e-03 7.12277846e-01
 6.74176241e-04 5.80577044e-01 3.28360463e-01 7.02757501e-01
 6.96773820e-01 1.59778525e-02 5.51528522e-03 9.05687247e-01
 5.86725664e-01 8.57654754e-01 5.33816988e-01 2.38303158e-01
 8.56174578e-01 4.59626175e-01 5.78420106e-01 2.38001922e-01
 8.21306839e-01]
epoch:34, class fscore: [0.31847317 0.74684538 0.08541841 0.73165653 0.00331237 0.59420134
 0.42396171 0.80175425 0.6514796  0.06325743 0.07188881 0.89959214
 0.52557332 0.84052119 0.64768878 0.38333485 0.85031217 0.5106178
 0.6357651  0.51771965 0.81076512]
epoch:35, class fscore: [0.26502167 0.74446291 0.02889337 0.70753638 0.03118952 0.61369344
 0.5474336  0.83031403 0.58270402 0.2280128  0.20402902 0.88507957
 0.40091601 0.76476804 0.56320613 0.28274994 0.84973719 0.59917609
 0.66343429 0.62074456 0.82372342]
epoch:36, class fscore: [0.25229932 0.79188418 0.22418837 0.67794303 0.01041261 0.57832834
 0.48622459 0.84553079 0.69892452 0.10093481 0.07487896 0.89538994
 0.46159189 0.84859757 0.65195183 0.18381756 0.8616576  0.55178878
 0.64504038 0.59057035 0.81135744]
epoch:37, class fscore: [0.56701824 0.82033219 0.1539252  0.80425903 0.01544337 0.57255677
 0.47886747 0.84775361 0.68461368 0.19340095 0.19505531 0.89394434
 0.62996536 0.86056783 0.61143741 0.19089014 0.85974462 0.49883802
 0.73876262 0.22612784 0.82130509]
epoch:38, class fscore: [0.5201402  0.82039601 0.09288232 0.75009644 0.01256533 0.60720455
 0.56843596 0.83778425 0.70979322 0.26946094 0.19273549 0.90482614
 0.66421989 0.86038629 0.69977069 0.45737599 0.856811   0.54084589
 0.68117468 0.07530863 0.81921003]
epoch:39, class fscore: [0.55655685 0.82212697 0.03358875 0.74950907 0.0610242  0.6177136
 0.60034603 0.83456245 0.66295046 0.07602989 0.35028045 0.9023385
 0.45521929 0.84045664 0.63760622 0.27091545 0.85990973 0.55194457
 0.72536175 0.11640699 0.82261831]
epoch:40, class fscore: [0.50192909 0.83903315 0.10213277 0.79776659 0.02407735 0.63865203
 0.55489625 0.85793688 0.69647813 0.21334629 0.23646594 0.90602971
 0.60080281 0.8614057  0.68318454 0.26489538 0.86953675 0.57887883
 0.71948472 0.56620126 0.8250656 ]
epoch:41, class fscore: [0.39338686 0.81763823 0.15562841 0.82152887 0.00769063 0.59281758
 0.59746269 0.83060963 0.64594439 0.4161824  0.1589077  0.91225218
 0.66011302 0.85519894 0.68843141 0.53877679 0.84714984 0.52213075
 0.7474141  0.3417891  0.8319247 ]
epoch:42, class fscore: [0.56752675 0.8526464  0.08015624 0.82097624 0.05104772 0.66248955
 0.70377579 0.78512509 0.73526655 0.39295329 0.31398362 0.90974827
 0.61258331 0.85618967 0.61277988 0.49483972 0.86508675 0.55664036
 0.67919876 0.26606484 0.82057539]
epoch:43, class fscore: [0.50201693 0.85020497 0.07464995 0.80805045 0.05794353 0.6755982
 0.72223149 0.8547777  0.76133091 0.38498825 0.24017619 0.88016732
 0.71279573 0.86510167 0.73061988 0.50141259 0.86822339 0.50097659
 0.78175788 0.01795361 0.82408547]
epoch:44, class fscore: [0.52545302 0.8619926  0.17472739 0.82544356 0.09320553 0.69394684
 0.74377048 0.83997439 0.72527006 0.37134905 0.47721846 0.88044818
 0.69733703 0.85559232 0.67265158 0.55118941 0.86753209 0.53014299
 0.78410427 0.00551309 0.81930957]
epoch:45, class fscore: [0.64579153 0.85026358 0.26723246 0.76565864 0.05272948 0.67094699
 0.711778   0.86516657 0.76045113 0.56871667 0.49651368 0.90911715
 0.67259627 0.86428319 0.74592207 0.47296063 0.86006249 0.65908904
 0.7280147  0.50404867 0.82412569]
epoch:46, class fscore: [0.53330105 0.83427467 0.0476151  0.76284926 0.08840648 0.6625275
 0.68697862 0.84874524 0.72139276 0.50033097 0.5315606  0.90667883
 0.66340911 0.86621679 0.70786362 0.37297853 0.86208986 0.70251313
 0.76336801 0.02329515 0.822467  ]
epoch:47, class fscore: [0.64350184 0.86611242 0.16865686 0.79807904 0.13012937 0.70186922
 0.73447952 0.86165359 0.7311188  0.47207914 0.56449787 0.90610046
 0.6957233  0.86294127 0.72467398 0.36368529 0.86559222 0.6540583
 0.75145809 0.24404797 0.82702993]
epoch:48, class fscore: [0.6750239  0.85040879 0.20404033 0.79983783 0.15632991 0.69357652
 0.74566538 0.86406417 0.76228347 0.6105658  0.57762152 0.91295479
 0.70286853 0.8594937  0.73238688 0.42491539 0.85219085 0.6906594
 0.76386664 0.24214293 0.819257  ]
epoch:49, class fscore: [0.58945075 0.86032299 0.21083245 0.76151861 0.1376327  0.72004385
 0.73809837 0.87530714 0.72254293 0.6143686  0.50402742 0.90284998
 0.65921403 0.86896733 0.74661592 0.47554456 0.86947611 0.67874429
 0.78518045 0.37842567 0.82328185]
epoch:50, class fscore: [0.70770538 0.86535831 0.24824884 0.80213914 0.19599483 0.71413637
 0.7389425  0.87170776 0.74806298 0.72041777 0.59712429 0.90918426
 0.71833558 0.86263903 0.71749513 0.32579481 0.86817547 0.74025982
 0.78094478 0.06443162 0.83055739]
epoch:51, class fscore: [0.60575082 0.85655801 0.0940263  0.79660646 0.16855995 0.70993359
 0.74612908 0.84642528 0.75932085 0.65157003 0.5834229  0.90000607
 0.71215328 0.86249378 0.73683499 0.51804847 0.86110708 0.71355754
 0.75390682 0.01168256 0.8221046 ]
epoch:52, class fscore: [0.64213712 0.86849868 0.12288253 0.80743788 0.14116069 0.70994358
 0.76693363 0.86351377 0.75503306 0.73168041 0.63154521 0.90295545
 0.6850262  0.86902875 0.76550057 0.55092984 0.86891192 0.73196455
 0.78733187 0.12067999 0.82578422]
epoch:53, class fscore: [0.63177197 0.85459188 0.24529869 0.78978994 0.11596583 0.71703765
 0.74665798 0.86170435 0.75251171 0.74840233 0.61533259 0.90707774
 0.6738979  0.86725472 0.7460591  0.48355218 0.86855926 0.76481236
 0.7812142  0.00250861 0.83015422]
epoch:54, class fscore: [0.68855039 0.86199746 0.30386092 0.82619505 0.26549302 0.73095656
 0.77077788 0.87195763 0.75282361 0.72337079 0.6026429  0.91055359
 0.70719804 0.86609456 0.74320247 0.45451308 0.87165991 0.77836402
 0.7859631  0.00508432 0.83211271]
epoch:55, class fscore: [0.58509459 0.87059744 0.35938513 0.80874432 0.06993379 0.74537896
 0.75879403 0.85791965 0.73837783 0.71987006 0.61125124 0.89894209
 0.66251272 0.86176414 0.72966116 0.58008641 0.86603843 0.77005727
 0.77589116 0.07927114 0.82714171]
epoch:56, class fscore: [0.69642785 0.8649248  0.09052102 0.81101769 0.24207416 0.71116815
 0.76443801 0.85574224 0.76311288 0.74920934 0.65207708 0.90272438
 0.746389   0.86140336 0.77606202 0.56104597 0.87061971 0.74445602
 0.78420649 0.13674436 0.8262371 ]
epoch:57, class fscore: [0.63544319 0.86185064 0.41208588 0.79468736 0.13265611 0.73642161
 0.77086719 0.87066983 0.7820048  0.75639104 0.64989796 0.91124055
 0.72596286 0.86289038 0.77839814 0.61672563 0.86972539 0.81516438
 0.77912489 0.27029403 0.82900302]
epoch:58, class fscore: [0.67132239 0.85463149 0.11895093 0.79946939 0.18665899 0.70983003
 0.73240915 0.85338074 0.77677461 0.73609132 0.62237566 0.91184927
 0.71813956 0.86680704 0.76165672 0.47687544 0.87225329 0.7613346
 0.76160102 0.33890984 0.82512206]
epoch:59, class fscore: [0.65857957 0.86675948 0.38238206 0.76991851 0.12670186 0.7324745
 0.78924668 0.86318972 0.78652378 0.77691346 0.66333077 0.9068252
 0.71056076 0.86791932 0.77287054 0.60176236 0.86933032 0.81465405
 0.78423944 0.00591093 0.82874679]
epoch:60, class fscore: [0.66662696 0.8689801  0.34302968 0.8201877  0.15389912 0.74525286
 0.77078047 0.87020758 0.75078623 0.74294368 0.64571168 0.91351549
 0.73289934 0.8648325  0.75921779 0.50546974 0.87008835 0.76650877
 0.78342634 0.56916759 0.8302922 ]
epoch:61, class fscore: [0.68355603 0.87059517 0.34969053 0.78472024 0.19149992 0.72714799
 0.79004894 0.87452028 0.77461047 0.80489072 0.6500751  0.90916444
 0.72324384 0.86771266 0.7703882  0.59452984 0.87001955 0.80231497
 0.79461295 0.03024113 0.83069485]
epoch:62, class fscore: [0.67956392 0.8713362  0.37127448 0.8065521  0.11412602 0.74675903
 0.7884637  0.86962973 0.76200777 0.80273411 0.63368148 0.90894221
 0.73270845 0.86638592 0.77128131 0.62259918 0.86973458 0.78488133
 0.7936653  0.02623491 0.83271315]
epoch:63, class fscore: [0.7023082  0.8618693  0.36326565 0.81273028 0.23275142 0.73240988
 0.76291024 0.87783246 0.76014277 0.76379161 0.63409065 0.90833512
 0.73062337 0.85670703 0.71066586 0.29734824 0.87130705 0.83326542
 0.78740473 0.47082331 0.83345998]
epoch:64, class fscore: [0.73282621 0.86234121 0.22750055 0.8155564  0.20185599 0.7328208
 0.7850592  0.87532109 0.76425433 0.79226656 0.65713223 0.91304851
 0.75448789 0.8618508  0.77048856 0.51755597 0.87271066 0.78140338
 0.77988059 0.58980946 0.82973955]
epoch:65, class fscore: [0.71804717 0.86950259 0.20616932 0.81698094 0.21280273 0.7287942
 0.77630086 0.85777127 0.76845308 0.7667471  0.63884669 0.9082065
 0.70961927 0.86307958 0.76065174 0.53319772 0.87230845 0.79248658
 0.77170644 0.04831475 0.82177439]
epoch:66, class fscore: [0.71203157 0.872394   0.32355697 0.82451679 0.20595812 0.73853751
 0.7875583  0.873798   0.77302483 0.80027525 0.63969363 0.90786604
 0.74788218 0.86612447 0.76607856 0.51457561 0.8701563  0.80706567
 0.79881509 0.38667397 0.83270927]
epoch:67, class fscore: [0.70919081 0.86364362 0.28658012 0.81484846 0.25554913 0.73430962
 0.77809069 0.87332931 0.77221503 0.78919628 0.64724336 0.91456375
 0.73455826 0.86634558 0.75528471 0.44828259 0.87223696 0.79173934
 0.76598705 0.61407907 0.82529662]
epoch:68, class fscore: [0.69936456 0.8659345  0.19935922 0.79476445 0.1740393  0.72562955
 0.77200428 0.86504308 0.77266867 0.79008116 0.63943993 0.9110593
 0.73032134 0.86637079 0.77919285 0.56852432 0.86028486 0.77972953
 0.77854749 0.06215553 0.81872848]
epoch:69, class fscore: [0.72276676 0.8617855  0.34160133 0.81205558 0.25636492 0.74711104
 0.79980121 0.86901754 0.77836401 0.80207841 0.66795176 0.91286565
 0.75972046 0.86204471 0.78176979 0.5805746  0.86802698 0.79657888
 0.79126166 0.23650918 0.82905825]
epoch:70, class fscore: [0.71215899 0.86487602 0.28487545 0.81347297 0.21579377 0.74129587
 0.77836455 0.8581469  0.76212651 0.80976355 0.65590938 0.90878036
 0.72567887 0.86357228 0.76901296 0.52752445 0.86624052 0.82715061
 0.79244054 0.00309183 0.83149973]
epoch:71, class fscore: [0.70805771 0.86771924 0.30706061 0.81311734 0.20857347 0.73504684
 0.78523913 0.86742139 0.78146729 0.72043404 0.66129642 0.91333762
 0.74752107 0.86450186 0.77771191 0.58108914 0.87073949 0.80480212
 0.75809658 0.22730724 0.82068111]
epoch:72, class fscore: [0.70931606 0.86892777 0.34226563 0.81291291 0.19214803 0.74112961
 0.79551172 0.87365687 0.76915525 0.77217661 0.65699889 0.9104555
 0.73002688 0.86591733 0.76570698 0.52754962 0.87079952 0.83656745
 0.79275542 0.15030265 0.83134374]
epoch:73, class fscore: [0.71668176 0.86935806 0.28169268 0.80929595 0.25329839 0.72835514
 0.76704113 0.8651789  0.78105482 0.79657938 0.64242119 0.91398017
 0.75235258 0.86736992 0.760859   0.50171574 0.86659413 0.79690013
 0.77578478 0.17934287 0.82601719]
epoch:74, class fscore: [7.01884476e-01 8.69713671e-01 3.68778472e-01 8.13245483e-01
 2.14682438e-01 7.63327664e-01 8.02722008e-01 8.59458846e-01
 7.61550724e-01 7.92677904e-01 6.59197643e-01 9.06207113e-01
 7.43978773e-01 8.65790283e-01 7.78682452e-01 5.76594998e-01
 8.69970617e-01 8.16514494e-01 7.95541613e-01 5.35453812e-04
 8.31846758e-01]
epoch:75, class fscore: [0.71677351 0.8720054  0.35774724 0.80945385 0.17523645 0.74925543
 0.80157071 0.87509425 0.77708788 0.80311616 0.66483295 0.91186156
 0.76360809 0.86499261 0.79027343 0.61476096 0.86794716 0.80336453
 0.79118648 0.31637575 0.82767976]
epoch:76, class fscore: [0.70729437 0.868415   0.36393204 0.81681078 0.2034548  0.74905587
 0.79030328 0.86944285 0.76403904 0.80163019 0.66243918 0.91111655
 0.73495212 0.86881758 0.78370215 0.6074689  0.86868097 0.80713743
 0.79632088 0.080924   0.83043674]
epoch:77, class fscore: [0.71294583 0.86994196 0.3261813  0.79819551 0.18662953 0.74405645
 0.79002795 0.86719959 0.76659172 0.80482099 0.65658438 0.91054779
 0.73987722 0.86371982 0.77518114 0.56647011 0.86710013 0.80063113
 0.79158571 0.01418678 0.82720839]
epoch:78, class fscore: [0.71711016 0.86797966 0.3096303  0.81477517 0.23502789 0.74776319
 0.79127521 0.87396189 0.77302457 0.80007233 0.6781981  0.91375742
 0.76799223 0.8666505  0.79190358 0.59433471 0.87053922 0.80278232
 0.79530954 0.56067216 0.83055497]
epoch:79, class fscore: [0.72878235 0.87050295 0.28281529 0.81587035 0.21981674 0.74883955
 0.78795486 0.86994246 0.77312892 0.78779924 0.65420328 0.90952544
 0.76603421 0.86578771 0.79386324 0.60656987 0.87058418 0.7808466
 0.79143033 0.04156497 0.82824362]
epoch:80, class fscore: [0.72861199 0.86982743 0.33155891 0.81420235 0.23269051 0.75252493
 0.79745663 0.87246264 0.76956214 0.80298999 0.66141814 0.91029149
 0.73271234 0.86710885 0.7789567  0.57017789 0.8712743  0.81651278
 0.79449478 0.10418652 0.83103765]
epoch:81, class fscore: [0.70175846 0.86586782 0.22313634 0.81148135 0.25843548 0.73698017
 0.78392737 0.85777644 0.7737009  0.77918603 0.65515338 0.91059465
 0.72858663 0.86498062 0.77707812 0.59264139 0.87202829 0.79437567
 0.78543272 0.01482418 0.82902335]
epoch:82, class fscore: [0.73119278 0.87279192 0.40749866 0.80192776 0.2252566  0.75058912
 0.80213838 0.87468135 0.77969297 0.79314597 0.66535953 0.91343138
 0.76072032 0.86880323 0.78673997 0.60680589 0.87208454 0.82217169
 0.79173492 0.36515273 0.82990244]
epoch:83, class fscore: [0.7162399  0.87053427 0.33335642 0.81180956 0.23219786 0.75246358
 0.79614747 0.86743473 0.76928215 0.7856927  0.66563335 0.91184787
 0.73236402 0.86748442 0.77289135 0.55260722 0.87170167 0.8064698
 0.7836526  0.0272424  0.82901937]
epoch:84, class fscore: [0.71807307 0.87217005 0.40779731 0.81647955 0.2160316  0.75737704
 0.80341    0.87081523 0.77623551 0.77799429 0.66867711 0.91193025
 0.75414186 0.86783779 0.77868961 0.59065432 0.87305597 0.81765021
 0.77515722 0.14583802 0.82839313]
epoch:85, class fscore: [0.72164469 0.87080638 0.30736061 0.81556277 0.24908342 0.74783003
 0.78732405 0.86509036 0.77100836 0.796848   0.66376773 0.91141531
 0.75528073 0.8668959  0.782887   0.59086821 0.87181493 0.80737405
 0.79006768 0.01995917 0.83027678]
epoch:86, class fscore: [0.7353705  0.86924278 0.33976287 0.8172514  0.23700482 0.75007684
 0.78602946 0.86896064 0.77539711 0.80494861 0.64874368 0.91208092
 0.78326146 0.86954255 0.7968793  0.62601331 0.87158466 0.78528667
 0.79165953 0.08124338 0.83169235]
epoch:87, class fscore: [0.74335193 0.8709892  0.32038547 0.81885333 0.26283486 0.74901278
 0.7953303  0.87107872 0.7771074  0.80558228 0.67741135 0.91109121
 0.75993209 0.86964671 0.78442485 0.61252001 0.87178236 0.80793943
 0.79226284 0.1177897  0.82954946]
epoch:88, class fscore: [0.73731989 0.87083841 0.24907535 0.81300763 0.27253243 0.74308435
 0.79320432 0.87291543 0.76815299 0.80745566 0.66828317 0.91073285
 0.7462662  0.86630714 0.78218208 0.57197182 0.87063956 0.81460097
 0.79093707 0.21253956 0.83066333]
epoch:89, class fscore: [0.73046545 0.87061427 0.31365842 0.81932082 0.18153083 0.747157
 0.7894612  0.87165786 0.76438991 0.78143954 0.66053478 0.91274287
 0.7442777  0.86522006 0.77820086 0.55992905 0.8696329  0.82410371
 0.79217366 0.18676735 0.82948606]
epoch:90, class fscore: [7.11528053e-01 8.66568718e-01 2.43675519e-01 8.07198711e-01
 2.56177146e-01 7.42159083e-01 7.81381849e-01 8.47214265e-01
 7.64696791e-01 7.87057950e-01 6.56879717e-01 9.01110004e-01
 7.31255033e-01 8.60975858e-01 7.81359434e-01 5.84503784e-01
 8.69077092e-01 8.03124663e-01 7.83059578e-01 5.29300800e-04
 8.28160776e-01]
epoch:91, class fscore: [0.74202221 0.8706396  0.36749797 0.81685378 0.23521907 0.75615591
 0.80110202 0.87110927 0.77492351 0.8104251  0.67396057 0.9120116
 0.76799676 0.86767178 0.78849907 0.60625965 0.86967894 0.8004624
 0.79376101 0.19937202 0.8293036 ]
epoch:92, class fscore: [0.74264389 0.87078946 0.37544944 0.81783048 0.19987717 0.75464443
 0.79645497 0.87277657 0.77371857 0.81135767 0.66544141 0.91277813
 0.77690425 0.86853549 0.78963294 0.61491483 0.87036714 0.81021979
 0.796653   0.26226488 0.83255555]
epoch:93, class fscore: [7.35764808e-01 8.68405402e-01 3.58069310e-01 8.11766634e-01
 1.78183482e-01 7.47583147e-01 8.03886926e-01 8.47513415e-01
 7.64822462e-01 8.24485506e-01 6.66276154e-01 9.00599061e-01
 7.56255926e-01 8.60815559e-01 7.77729271e-01 6.64960366e-01
 8.59576861e-01 8.14295049e-01 7.94780824e-01 1.23125037e-05
 8.29409669e-01]
epoch:94, class fscore: [0.7403644  0.87010354 0.38184259 0.81204791 0.21735385 0.74880842
 0.78646539 0.87060827 0.7758726  0.78168635 0.66822657 0.9136067
 0.78014184 0.86894348 0.78641845 0.58742836 0.86814763 0.79758437
 0.78401732 0.34772776 0.82623066]
epoch:95, class fscore: [0.75090939 0.86536492 0.29440219 0.81295955 0.23934298 0.74312908
 0.77382651 0.86024117 0.76166415 0.80168501 0.6552331  0.91124576
 0.75625941 0.86625778 0.77066294 0.53058677 0.86921095 0.81333447
 0.78803894 0.01072783 0.83100158]
epoch:96, class fscore: [0.74493622 0.87021832 0.33953858 0.81732108 0.22522689 0.74808757
 0.79094949 0.86006664 0.77281551 0.8125776  0.66251022 0.91015749
 0.77137361 0.86583394 0.7811421  0.59301103 0.87064333 0.7931271
 0.79298193 0.01067917 0.83061674]
epoch:97, class fscore: [0.74312133 0.87316363 0.38356981 0.81287937 0.21425093 0.7560044
 0.80543168 0.86234926 0.77776468 0.81884547 0.67083451 0.90832253
 0.77087989 0.86750963 0.78130082 0.65400503 0.87027357 0.80393155
 0.79570235 0.00817277 0.8300177 ]
epoch:98, class fscore: [0.71925051 0.86745973 0.35504535 0.81475803 0.22366936 0.74502932
 0.77079806 0.87409084 0.77141832 0.76222718 0.66142149 0.91418648
 0.76821139 0.86661885 0.76947311 0.52182285 0.86832385 0.8154364
 0.78525876 0.69917553 0.82926892]
epoch:99, class fscore: [0.74673621 0.87193221 0.42608089 0.80501082 0.16725781 0.76228049
 0.80758946 0.87085518 0.77028256 0.80939757 0.66515551 0.91373276
 0.7607999  0.86970273 0.79498064 0.63551139 0.87192952 0.82459939
 0.79698676 0.06198518 0.83228157]
