epoch:0, class fscore: [0.         0.         0.         0.         0.         0.
 0.         0.         0.         0.         0.         0.
 0.         0.00295885 0.         0.         0.         0.
 0.         0.00147621]
epoch:1, class fscore: [0.         0.         0.         0.         0.         0.
 0.         0.         0.         0.         0.         0.
 0.         0.01322223 0.         0.         0.         0.
 0.         0.1407442 ]
epoch:2, class fscore: [0.         0.         0.         0.         0.         0.
 0.         0.         0.         0.         0.         0.00260849
 0.         0.         0.         0.         0.00181077 0.
 0.         0.00917125]
epoch:3, class fscore: [0.         0.         0.         0.         0.         0.
 0.         0.         0.         0.         0.         0.3193052
 0.         0.         0.         0.00584617 0.         0.
 0.         0.00226881]
epoch:4, class fscore: [0.         0.         0.         0.         0.         0.
 0.         0.         0.         0.         0.         0.20850427
 0.         0.         0.03227223 0.01539377 0.08994913 0.
 0.00626516 0.24117792]
epoch:5, class fscore: [0.00000000e+00 0.00000000e+00 0.00000000e+00 0.00000000e+00
 0.00000000e+00 0.00000000e+00 0.00000000e+00 0.00000000e+00
 0.00000000e+00 0.00000000e+00 0.00000000e+00 3.73991337e-01
 0.00000000e+00 0.00000000e+00 0.00000000e+00 0.00000000e+00
 2.56352413e-04 0.00000000e+00 0.00000000e+00 1.03280829e-01]
epoch:6, class fscore: [0.         0.         0.         0.         0.         0.
 0.         0.         0.         0.         0.         0.49413682
 0.         0.04301837 0.         0.         0.         0.
 0.         0.22384805]
epoch:7, class fscore: [0.         0.         0.         0.         0.         0.
 0.         0.         0.         0.         0.         0.28650128
 0.         0.00096536 0.         0.         0.         0.
 0.         0.04607721]
epoch:8, class fscore: [0.         0.         0.         0.         0.         0.
 0.         0.         0.         0.         0.         0.62331085
 0.         0.19523074 0.         0.         0.         0.
 0.         0.48910012]
epoch:9, class fscore: [0.         0.         0.         0.         0.         0.
 0.         0.         0.         0.         0.         0.3438809
 0.         0.55980435 0.         0.         0.21785981 0.
 0.         0.7076522 ]
epoch:10, class fscore: [0.         0.         0.         0.         0.         0.
 0.         0.         0.         0.         0.         0.67276244
 0.         0.56828336 0.02349968 0.         0.3918343  0.
 0.03206596 0.65624011]
epoch:11, class fscore: [0.00000000e+00 0.00000000e+00 0.00000000e+00 0.00000000e+00
 0.00000000e+00 5.24828421e-04 0.00000000e+00 1.46207252e-02
 0.00000000e+00 0.00000000e+00 0.00000000e+00 6.82168813e-01
 0.00000000e+00 7.12231846e-01 5.35324439e-02 1.25043254e-01
 4.71797069e-01 1.72565532e-05 2.05661577e-01 6.07163366e-02]
epoch:12, class fscore: [0.         0.04410773 0.         0.         0.         0.
 0.         0.05003256 0.00176533 0.         0.         0.80339874
 0.         0.56812469 0.21063214 0.06832484 0.71492485 0.
 0.1616631  0.29076485]
epoch:13, class fscore: [0.         0.01295376 0.         0.         0.         0.00142688
 0.00472115 0.70621878 0.         0.         0.         0.86134326
 0.         0.83629356 0.29955171 0.22319987 0.80207088 0.00442529
 0.26795396 0.0621683 ]
epoch:14, class fscore: [0.00000000e+00 1.81745789e-01 0.00000000e+00 5.93164528e-02
 7.27428327e-04 1.24663920e-01 3.10212006e-02 7.29658539e-02
 3.89549583e-02 0.00000000e+00 0.00000000e+00 8.31820650e-01
 0.00000000e+00 8.35550844e-01 3.80579420e-01 3.57714039e-01
 6.11952605e-01 3.08262287e-01 2.71875540e-01 7.79425627e-01]
epoch:15, class fscore: [0.00000000e+00 4.48568147e-01 0.00000000e+00 1.29553053e-01
 9.85306087e-04 3.25190640e-01 5.51862566e-01 7.49152035e-01
 4.93254741e-04 0.00000000e+00 0.00000000e+00 8.49508965e-01
 0.00000000e+00 8.23772718e-01 4.21550015e-01 4.69134830e-01
 8.33759358e-01 4.67758392e-01 4.22301464e-01 6.66611480e-01]
epoch:16, class fscore: [0.         0.28865075 0.00203765 0.24475691 0.         0.2968872
 0.03535853 0.69406469 0.         0.         0.         0.73979035
 0.         0.77933022 0.16780077 0.0840606  0.73556633 0.00218163
 0.00162511 0.69077684]
epoch:17, class fscore: [0.00000000e+00 1.69815241e-01 0.00000000e+00 0.00000000e+00
 0.00000000e+00 9.24378210e-02 2.49740693e-03 2.19647614e-01
 1.96879461e-04 0.00000000e+00 5.91380428e-03 1.09937931e-04
 0.00000000e+00 5.72414304e-01 2.44930663e-01 4.34091917e-03
 5.80108724e-01 2.31832644e-02 1.84766040e-04 1.24356941e-03]
epoch:18, class fscore: [0.00000000e+00 4.98037282e-01 0.00000000e+00 1.62427071e-02
 1.32935955e-03 2.39517514e-01 5.49676746e-02 5.72038079e-01
 1.48012926e-04 1.71534993e-04 0.00000000e+00 8.81837641e-01
 0.00000000e+00 8.00241931e-01 4.70924690e-01 4.51374200e-01
 8.35100431e-01 4.67475096e-01 5.28794459e-01 1.81332705e-05]
epoch:19, class fscore: [0.00000000e+00 3.39802568e-01 0.00000000e+00 0.00000000e+00
 0.00000000e+00 4.73455880e-01 1.76643708e-01 6.96776997e-01
 9.85707245e-05 7.35231046e-05 0.00000000e+00 8.13627821e-01
 0.00000000e+00 7.82911659e-01 1.03221470e-03 2.33376046e-01
 8.16636265e-01 1.57096874e-02 2.87842309e-01 1.21122499e-01]
epoch:20, class fscore: [2.78758325e-02 6.78173290e-01 1.42223950e-01 0.00000000e+00
 1.74428962e-01 6.33949169e-01 4.35168781e-01 7.33120973e-01
 1.37361011e-03 4.43965948e-03 2.43942104e-04 8.62522211e-01
 1.17855038e-03 8.78865858e-01 5.04269104e-01 6.34769682e-01
 8.43125026e-01 5.51272808e-01 6.83666198e-01 3.68348433e-01]
epoch:21, class fscore: [0.14028452 0.79203151 0.18134427 0.12608887 0.17389333 0.77271013
 0.54295251 0.85624433 0.05959178 0.62391775 0.0330109  0.81385483
 0.06165057 0.89789258 0.6091588  0.71181819 0.82630675 0.69775336
 0.68042303 0.16005079]
epoch:22, class fscore: [0.09608195 0.61462779 0.38680495 0.18322404 0.04768777 0.65292989
 0.50192477 0.7824489  0.00737203 0.22138526 0.04920336 0.86626748
 0.01059122 0.82171996 0.68511528 0.63475366 0.84282744 0.54694766
 0.53679869 0.7047364 ]
epoch:23, class fscore: [0.15556375 0.7793187  0.56788181 0.48874903 0.19173843 0.757801
 0.69517368 0.87146682 0.06093029 0.76531574 0.24796783 0.89840022
 0.18738916 0.89376323 0.61937394 0.79587553 0.85621716 0.75453337
 0.74761708 0.68463552]
epoch:24, class fscore: [0.2413007  0.73040457 0.64014439 0.28545009 0.01351408 0.70632809
 0.42241146 0.7486617  0.10982498 0.6806132  0.51133644 0.84008035
 0.00619916 0.85281238 0.64516057 0.52026782 0.85171995 0.79590201
 0.69927221 0.00428286]
epoch:25, class fscore: [0.54141757 0.73154218 0.61150703 0.73709133 0.21617486 0.84813828
 0.7012747  0.86289326 0.0271756  0.76401049 0.57500138 0.83718185
 0.37195907 0.8918285  0.55367751 0.78534671 0.84299938 0.80994844
 0.80161679 0.63630899]
epoch:26, class fscore: [0.47508407 0.81655557 0.64237876 0.74414281 0.36499641 0.74220534
 0.55100192 0.66634331 0.01488733 0.71522548 0.66627783 0.85133819
 0.2631131  0.86918453 0.54136031 0.70979055 0.84343854 0.77411237
 0.75592859 0.02360903]
epoch:27, class fscore: [0.33819994 0.78644084 0.60990658 0.60596854 0.18246025 0.73663413
 0.63817808 0.77593445 0.03441848 0.66816994 0.57682866 0.64456737
 0.25600502 0.83784357 0.53297331 0.60879677 0.76811756 0.73098742
 0.62966302 0.02602427]
epoch:28, class fscore: [0.29893821 0.82088135 0.77149433 0.76663181 0.52783499 0.82951527
 0.7294568  0.84071055 0.09206424 0.83202394 0.75543302 0.87494642
 0.30961001 0.84460844 0.61862872 0.78372425 0.85130183 0.81127328
 0.82639364 0.0037087 ]
epoch:29, class fscore: [0.53135538 0.83103006 0.77028445 0.77394027 0.52597002 0.78151451
 0.76082779 0.85497744 0.00493245 0.78488329 0.70042092 0.86011845
 0.49107242 0.85589424 0.54823093 0.79131569 0.82023066 0.80637404
 0.80292508 0.26964132]
epoch:30, class fscore: [0.46990012 0.8341157  0.73534424 0.68225126 0.57776863 0.83874719
 0.76875673 0.79915633 0.06167055 0.79357919 0.68569592 0.89809662
 0.30395655 0.88168779 0.6421266  0.77535185 0.85010465 0.83430915
 0.76508093 0.58943611]
epoch:31, class fscore: [0.54965818 0.84196556 0.5857436  0.76110554 0.27681778 0.7238765
 0.705182   0.74216694 0.17807582 0.79695829 0.69393729 0.84525931
 0.53578409 0.73821163 0.69109165 0.65877766 0.82354312 0.8117405
 0.80258315 0.14279814]
epoch:32, class fscore: [0.70010511 0.80791327 0.65814686 0.77154986 0.24592734 0.55253224
 0.66499491 0.45894607 0.4371231  0.80281584 0.76669192 0.88649032
 0.60149212 0.88294621 0.65548108 0.80237942 0.84506175 0.84581461
 0.78581421 0.00278961]
epoch:33, class fscore: [0.40017168 0.73419353 0.66779617 0.79088803 0.37039849 0.74407959
 0.71535504 0.85892679 0.2187214  0.74117968 0.60939468 0.88294806
 0.19375228 0.88089468 0.60430532 0.77308075 0.85117614 0.80527838
 0.79729803 0.70327035]
epoch:34, class fscore: [0.4781801  0.7340879  0.77863749 0.7135824  0.15661559 0.8138604
 0.67506056 0.84445106 0.60681272 0.7072232  0.70547469 0.88534079
 0.39086626 0.89576456 0.75623338 0.7291697  0.82256686 0.83137307
 0.77125261 0.03738401]
epoch:35, class fscore: [0.11285556 0.56678331 0.47261394 0.77502379 0.01605386 0.14441306
 0.55155714 0.21401731 0.06744272 0.73860781 0.26804474 0.84784982
 0.3576187  0.27496018 0.45607896 0.64251983 0.83955724 0.81188093
 0.82078263 0.01787301]
epoch:36, class fscore: [0.71868777 0.81447974 0.81185251 0.7779328  0.54550314 0.83647312
 0.8164441  0.88258227 0.44449644 0.76758181 0.77280778 0.89144367
 0.55501183 0.89728671 0.8090206  0.82451861 0.85243772 0.83736696
 0.8202195  0.23781278]
epoch:37, class fscore: [0.59755996 0.81401114 0.74460991 0.78254498 0.52921128 0.85551877
 0.78310398 0.87911632 0.59852987 0.46859582 0.69896602 0.86430651
 0.48292305 0.89255261 0.7066933  0.75175994 0.85948293 0.80725685
 0.62427095 0.00172913]
epoch:38, class fscore: [0.61449535 0.83555791 0.76308449 0.69067437 0.50255916 0.77322206
 0.73407939 0.85851683 0.76217143 0.84669298 0.78467514 0.82291262
 0.55191422 0.89137491 0.8093305  0.75002763 0.82168015 0.85283423
 0.76919793 0.70880478]
epoch:39, class fscore: [2.24022701e-04 5.26780934e-01 0.00000000e+00 6.02654202e-01
 5.60981281e-03 2.71185257e-01 7.42313655e-02 3.52906721e-02
 1.74075509e-02 4.42592977e-01 4.39430363e-01 6.34953605e-01
 2.28414087e-03 7.32550982e-01 4.81551543e-01 2.79561046e-01
 7.21557656e-01 6.17485644e-01 6.20074585e-01 2.80774648e-03]
epoch:40, class fscore: [0.74552866 0.85766063 0.81541556 0.79826156 0.68741752 0.851342
 0.80341031 0.86782355 0.78878843 0.85644724 0.7928599  0.88965422
 0.79535381 0.89370109 0.8252558  0.83392841 0.83597032 0.85826656
 0.83068051 0.01481959]
epoch:41, class fscore: [0.69623913 0.83136125 0.78236119 0.80274634 0.60929083 0.85571449
 0.75699141 0.8723451  0.77750638 0.84618333 0.78988688 0.8915345
 0.72331282 0.89530747 0.8157024  0.79902749 0.85609548 0.87706979
 0.82539713 0.19282577]
epoch:42, class fscore: [0.74198744 0.83905152 0.81484529 0.77055915 0.68561404 0.86591048
 0.82840372 0.89160474 0.77811332 0.86114714 0.76118904 0.88976567
 0.70846568 0.89552018 0.8295888  0.83581089 0.85641101 0.8699363
 0.80630858 0.72026963]
epoch:43, class fscore: [0.75684223 0.8307847  0.81219732 0.79487511 0.67767389 0.87142597
 0.82261082 0.86926268 0.77934838 0.82661052 0.7518788  0.87873395
 0.75411699 0.89996822 0.82090914 0.84459128 0.81918279 0.87027027
 0.81544274 0.27890368]
epoch:44, class fscore: [0.62958379 0.72693544 0.80827625 0.76846762 0.60896395 0.82016481
 0.77552573 0.74958707 0.75262942 0.84710663 0.77921961 0.83239716
 0.67918736 0.81809682 0.79077444 0.78920025 0.77518831 0.82970738
 0.83747253 0.00507901]
epoch:45, class fscore: [0.58236422 0.83393939 0.72688188 0.78545909 0.36029375 0.70092333
 0.71678567 0.85220904 0.79568756 0.85425626 0.8031521  0.8807434
 0.31788189 0.89251774 0.79862283 0.82312793 0.85451561 0.87289831
 0.83338942 0.08051791]
epoch:46, class fscore: [0.74752575 0.85862655 0.82374786 0.80981857 0.79552337 0.84649135
 0.83395232 0.88657988 0.80100993 0.86394041 0.80813701 0.89673681
 0.81804399 0.89733256 0.81184648 0.84898935 0.85750403 0.85323997
 0.81292808 0.81039698]
epoch:47, class fscore: [0.6635602  0.84257522 0.80421415 0.80574612 0.73947424 0.85981879
 0.81616634 0.88193811 0.80744727 0.85933679 0.80424909 0.8578977
 0.7951571  0.89557908 0.82351673 0.81765014 0.83497052 0.87459721
 0.8319589  0.45813849]
epoch:48, class fscore: [0.71464973 0.85027976 0.79419995 0.78792885 0.63548774 0.78527031
 0.80265192 0.84940745 0.78223273 0.79718055 0.77329007 0.87394635
 0.76256486 0.88331362 0.71100082 0.83064527 0.84004405 0.85887385
 0.77260367 0.02036206]
epoch:49, class fscore: [0.75204145 0.82364398 0.85107788 0.80704655 0.81274838 0.858627
 0.81941427 0.87899488 0.81673841 0.86999957 0.80676026 0.89533627
 0.83428699 0.90411682 0.81761717 0.84913813 0.86896576 0.850246
 0.82043051 0.15186552]
epoch:50, class fscore: [0.70302609 0.85734287 0.83649623 0.79656437 0.77109483 0.86799187
 0.82600171 0.87647478 0.80660715 0.87089151 0.79925309 0.88295953
 0.77875697 0.89965392 0.81897035 0.84310113 0.86075378 0.87643858
 0.82585816 0.07467488]
epoch:51, class fscore: [3.63937717e-01 7.22249320e-01 5.82368288e-01 6.43395771e-01
 4.46263887e-01 7.94258935e-01 5.33080311e-01 7.86254769e-01
 7.30418636e-01 6.29160099e-01 7.77673752e-01 8.19809141e-01
 5.23149836e-01 8.85151997e-01 8.21534724e-01 5.20206109e-01
 7.75027841e-01 8.41928733e-01 7.07926068e-01 6.67497633e-04]
epoch:52, class fscore: [0.54282463 0.84835036 0.81748677 0.78335757 0.67495714 0.85126393
 0.77967224 0.82151322 0.80424814 0.85953943 0.79942037 0.89621756
 0.74559039 0.89326091 0.833869   0.84793315 0.84302597 0.86408546
 0.83344817 0.01056367]
epoch:53, class fscore: [0.70580232 0.85280187 0.74275733 0.68713628 0.27354593 0.82195282
 0.79149704 0.8372857  0.80401711 0.82378849 0.78666947 0.77203533
 0.7572361  0.85712674 0.82111901 0.77551246 0.77616167 0.86701783
 0.81033953 0.0098263 ]
epoch:54, class fscore: [0.71598927 0.8573336  0.83251371 0.80649082 0.79090233 0.85748867
 0.82607284 0.88908483 0.82804264 0.87457924 0.81788954 0.8647977
 0.84080266 0.90482109 0.81670434 0.85377908 0.85140517 0.87416651
 0.83195339 0.48756332]
epoch:55, class fscore: [0.70714655 0.85525625 0.82881857 0.81216727 0.79593208 0.8492367
 0.81642949 0.86231843 0.81979547 0.86787582 0.82961997 0.87632524
 0.8264745  0.90685394 0.82180893 0.85044032 0.86370412 0.86768658
 0.83369829 0.70902584]
epoch:56, class fscore: [0.75806845 0.84381279 0.70534073 0.80449711 0.38267731 0.74093166
 0.70469131 0.6579574  0.80823016 0.86746676 0.77222684 0.86798545
 0.80289444 0.86694232 0.82139683 0.81324597 0.84186876 0.86877575
 0.8348999  0.38331464]
epoch:57, class fscore: [7.65908716e-01 8.47816750e-01 8.43647378e-01 7.96698166e-01
 7.80252140e-01 8.03954992e-01 8.18110431e-01 8.84370254e-01
 8.05340544e-01 8.65211059e-01 7.90998266e-01 8.58655461e-01
 8.00320753e-01 8.17121777e-01 8.28487678e-01 8.49880064e-01
 8.03506776e-01 8.69696872e-01 8.19717607e-01 4.54229559e-06]
epoch:58, class fscore: [0.7201028  0.79498568 0.46849834 0.80260922 0.20927336 0.70164721
 0.72975333 0.86349449 0.70353359 0.78763343 0.75491658 0.8785995
 0.7254432  0.89181032 0.74609946 0.814115   0.86249133 0.84991255
 0.81743053 0.78299083]
epoch:59, class fscore: [0.77023595 0.86817989 0.78909128 0.75887009 0.71427289 0.86771012
 0.81932927 0.88704203 0.81434755 0.85050384 0.7886136  0.89064098
 0.83144223 0.8959658  0.82486537 0.81584129 0.84363358 0.87360132
 0.81339722 0.79041304]
epoch:60, class fscore: [0.75087712 0.82453966 0.84655594 0.81742249 0.80680994 0.87931851
 0.83053682 0.8902463  0.81399884 0.87885081 0.81090996 0.88216125
 0.85196567 0.90337398 0.82928743 0.85519994 0.85249415 0.87734928
 0.83170701 0.01882611]
epoch:61, class fscore: [0.76478641 0.84032953 0.84080433 0.81687077 0.76615252 0.88220025
 0.82197981 0.8680522  0.82410119 0.84506642 0.76603975 0.87535427
 0.84103401 0.90051602 0.82809753 0.84777821 0.86036596 0.86923381
 0.82667407 0.7682502 ]
epoch:62, class fscore: [0.75710045 0.83612239 0.8497524  0.81328531 0.78711928 0.87876338
 0.83851988 0.88882268 0.82104342 0.88163215 0.81659393 0.87485267
 0.82510913 0.894091   0.83113356 0.86361016 0.86092245 0.88260919
 0.84257275 0.22009127]
epoch:63, class fscore: [0.76551204 0.85224108 0.85293958 0.81770531 0.79638752 0.88210434
 0.83051986 0.87036876 0.82400005 0.88114014 0.82756156 0.8609637
 0.84298586 0.88647361 0.82991873 0.84245451 0.85385541 0.88107266
 0.84124963 0.09472043]
epoch:64, class fscore: [0.78312649 0.87443896 0.8440909  0.82136511 0.82061473 0.85571479
 0.8273181  0.8883701  0.82964735 0.86509397 0.82902121 0.88599365
 0.86284739 0.90208577 0.82020876 0.8548186  0.86691946 0.88203645
 0.83163294 0.80616824]
epoch:65, class fscore: [0.76322626 0.86691073 0.84505564 0.82295658 0.82016651 0.8751397
 0.8314663  0.89324485 0.82956793 0.87376214 0.8228856  0.88838217
 0.85817011 0.90084882 0.83280417 0.8619087  0.86617915 0.88734138
 0.8363047  0.00335115]
epoch:66, class fscore: [0.76626429 0.86791968 0.83695765 0.82371487 0.7845384  0.87019085
 0.83582816 0.89369909 0.83397623 0.88140044 0.80342395 0.91328701
 0.84833807 0.90249572 0.83129912 0.86182885 0.86810214 0.890124
 0.81173982 0.09317156]
epoch:67, class fscore: [0.77327619 0.84461995 0.8323351  0.80512726 0.79076485 0.80674657
 0.82688022 0.88712751 0.81964109 0.8738063  0.81883732 0.88477601
 0.80561291 0.88549594 0.82126823 0.85060459 0.85501984 0.86665842
 0.84366442 0.60933646]
epoch:68, class fscore: [0.78015158 0.83701754 0.82202403 0.81467559 0.76122471 0.83693431
 0.80030381 0.86050917 0.83058678 0.87644083 0.81787281 0.9020209
 0.84313877 0.89726628 0.83603537 0.83952303 0.85346403 0.88445205
 0.83747682 0.78916722]
epoch:69, class fscore: [0.71016574 0.81250973 0.83327987 0.82119476 0.77453641 0.87478336
 0.83357749 0.88630082 0.82296364 0.87024669 0.79927837 0.88890722
 0.83031416 0.8999401  0.82685109 0.86348892 0.86541303 0.86574843
 0.84326796 0.57993647]
epoch:70, class fscore: [0.76639397 0.85807629 0.8483702  0.80391111 0.76788466 0.87521102
 0.80816584 0.88075983 0.82789404 0.87591464 0.82481203 0.87385599
 0.82502088 0.89813143 0.83332882 0.84866581 0.86586494 0.85646243
 0.81047923 0.08252251]
epoch:71, class fscore: [0.7521392  0.86776391 0.85483229 0.7988247  0.80970104 0.87635788
 0.81751139 0.84018999 0.82944514 0.88017549 0.83107696 0.86554832
 0.82722424 0.89435643 0.83259883 0.86281625 0.79855715 0.88177247
 0.83270753 0.15934702]
epoch:72, class fscore: [0.78628382 0.86111751 0.82258367 0.82025117 0.82596143 0.85382549
 0.83732445 0.89766112 0.82628726 0.87907905 0.83682559 0.89545538
 0.85391275 0.89992984 0.82554059 0.85920519 0.86650395 0.88649376
 0.83698603 0.07050834]
epoch:73, class fscore: [0.58103592 0.83904615 0.83088683 0.81483806 0.73539596 0.87561566
 0.82499932 0.88285595 0.82793581 0.85537952 0.8        0.85805606
 0.78994486 0.88969426 0.82838726 0.85314471 0.85724717 0.87717452
 0.82846309 0.        ]
epoch:74, class fscore: [0.7602071  0.83544978 0.81977264 0.82002292 0.77849429 0.8627331
 0.83629587 0.88243704 0.83090007 0.85857405 0.80091278 0.82864829
 0.84392338 0.90610343 0.83379642 0.86069023 0.85632596 0.88637926
 0.82700216 0.6910624 ]
epoch:75, class fscore: [0.79040919 0.84084919 0.85010603 0.82999829 0.81560769 0.87104128
 0.8382474  0.89145022 0.84084792 0.87124499 0.81152539 0.89224213
 0.86157689 0.89060166 0.82648048 0.85611884 0.86237812 0.87478048
 0.84038147 0.05272768]
epoch:76, class fscore: [0.7880033  0.8533069  0.84226451 0.82172395 0.78431373 0.84925083
 0.83753116 0.88253822 0.83293048 0.87278569 0.81030833 0.90018158
 0.85216365 0.89033483 0.83163843 0.86047161 0.86978654 0.88679904
 0.83202916 0.81071985]
epoch:77, class fscore: [0.74118612 0.85870881 0.84582143 0.7707662  0.79891583 0.86912709
 0.82321242 0.8441601  0.81875015 0.87309681 0.83011245 0.89600055
 0.85249235 0.86232864 0.83982283 0.86140006 0.85282562 0.88393953
 0.83475457 0.30401169]
epoch:78, class fscore: [0.78073147 0.86756512 0.84098951 0.82027778 0.81090278 0.87310521
 0.83013759 0.88198001 0.83374124 0.87912507 0.8263568  0.87411339
 0.86491764 0.9002824  0.82511216 0.84470186 0.84574017 0.86801827
 0.82382312 0.02792408]
epoch:79, class fscore: [0.76752367 0.84394922 0.83372362 0.82776434 0.82130565 0.88428865
 0.83873213 0.86804523 0.83340857 0.87867701 0.8200583  0.89806589
 0.85315333 0.9010961  0.84256685 0.86610415 0.86011668 0.87951823
 0.8337181  0.02197205]
epoch:80, class fscore: [0.72732424 0.87794599 0.84756804 0.82526669 0.82885181 0.87783989
 0.83667213 0.889051   0.82792508 0.88071999 0.82806503 0.9099672
 0.86115743 0.90155455 0.84066192 0.8659583  0.86552351 0.88497342
 0.84007266 0.        ]
epoch:81, class fscore: [0.77356811 0.84182896 0.8485457  0.82272875 0.81678686 0.87896418
 0.8384776  0.88947635 0.83800037 0.8805685  0.83637149 0.89551258
 0.85402767 0.90364433 0.83510256 0.87243011 0.86713015 0.88694807
 0.83778958 0.7082131 ]
epoch:82, class fscore: [0.77560219 0.86201134 0.85893139 0.80673397 0.80852338 0.86972918
 0.83339192 0.88471956 0.83123489 0.8731099  0.8235622  0.89377412
 0.84722152 0.89563936 0.83897611 0.85746107 0.8623166  0.87969325
 0.816309   0.44261672]
epoch:83, class fscore: [0.71416797 0.84296828 0.85084828 0.82099457 0.8100102  0.87963412
 0.83815078 0.8710036  0.82675195 0.87471785 0.82704978 0.87735439
 0.84302057 0.8918559  0.83870754 0.86388646 0.82151258 0.87942583
 0.84351758 0.11746552]
epoch:84, class fscore: [0.78448798 0.86504511 0.84331074 0.8180565  0.8264746  0.8657262
 0.83242561 0.88447293 0.83043953 0.88052942 0.81944264 0.86505926
 0.85880534 0.89677015 0.83132774 0.85021074 0.86351377 0.88260653
 0.82971221 0.38196597]
epoch:85, class fscore: [0.77755144 0.85153928 0.83721267 0.80735556 0.73916912 0.87023664
 0.79989017 0.79669166 0.83025448 0.8726592  0.81674417 0.86147997
 0.83721028 0.8768497  0.81772877 0.80567089 0.84989387 0.84822261
 0.81554836 0.12336768]
epoch:86, class fscore: [0.68208658 0.81378705 0.83858402 0.80491567 0.79162333 0.87335319
 0.840084   0.8766007  0.81228622 0.86839394 0.8031519  0.87028973
 0.79775319 0.88285391 0.82189177 0.86004834 0.85164807 0.87280563
 0.83561267 0.00675874]
epoch:87, class fscore: [0.76478646 0.8682463  0.84895143 0.82508313 0.82912602 0.88074358
 0.84033274 0.88612333 0.81725733 0.88036941 0.82752034 0.89537014
 0.8676956  0.90258184 0.83851976 0.87088595 0.86660159 0.88720181
 0.82913841 0.05382149]
epoch:88, class fscore: [0.76857151 0.8722604  0.85133805 0.80547577 0.80142301 0.87944514
 0.8366566  0.84690626 0.83438467 0.86090726 0.82445214 0.87791205
 0.85759712 0.88742018 0.83190508 0.86042097 0.84842266 0.86820578
 0.83451905 0.02601589]
epoch:89, class fscore: [0.763857   0.87467162 0.8475796  0.80947412 0.82937516 0.87114066
 0.84229693 0.89588266 0.83002493 0.88297635 0.83453296 0.91535659
 0.8707499  0.90290874 0.83373354 0.86938651 0.86868779 0.88668179
 0.8398257  0.66216178]
epoch:90, class fscore: [0.76477596 0.87434934 0.85734086 0.80785359 0.82561951 0.87858798
 0.83562987 0.86920751 0.82260661 0.8827682  0.82033005 0.83897122
 0.85919261 0.89012632 0.83608183 0.85903174 0.82043924 0.88441326
 0.82981318 0.01430063]
epoch:91, class fscore: [0.79132157 0.8533164  0.84588818 0.8234133  0.81518181 0.88293426
 0.84417708 0.88726838 0.8259387  0.88379545 0.80525953 0.89375093
 0.86439346 0.90160791 0.83599782 0.87477482 0.85618246 0.87963737
 0.84363087 0.82501184]
epoch:92, class fscore: [0.77322739 0.86282122 0.79553621 0.79183405 0.6648634  0.86352233
 0.82140813 0.84182921 0.81686197 0.83814948 0.83304162 0.89344826
 0.83829821 0.89604237 0.82041964 0.85645959 0.8591491  0.85902144
 0.83175729 0.04710802]
epoch:93, class fscore: [0.79040156 0.87235249 0.83826926 0.82170001 0.83430182 0.87186471
 0.84274596 0.8940154  0.83677704 0.87884966 0.83384641 0.91432384
 0.87214573 0.90530878 0.83051613 0.8699547  0.8685812  0.89259864
 0.83889996 0.20544254]
epoch:94, class fscore: [0.7886005  0.84602472 0.8481608  0.82240497 0.81639487 0.86027909
 0.83761039 0.89369467 0.83645581 0.88387854 0.83516372 0.89575351
 0.86781549 0.90342828 0.83720138 0.86868494 0.86812766 0.89116895
 0.84546151 0.73640512]
epoch:95, class fscore: [0.73754692 0.84553406 0.84005977 0.82684381 0.73044298 0.86161674
 0.80748591 0.79870933 0.82112181 0.87628734 0.79845678 0.88536685
 0.81761326 0.87700458 0.8359797  0.85811513 0.85741237 0.890373
 0.83863456 0.15859454]
epoch:96, class fscore: [0.75722002 0.86775149 0.8503773  0.8272969  0.81153392 0.87965831
 0.83678833 0.86185249 0.83663803 0.87155248 0.82031741 0.89235516
 0.85131141 0.89274514 0.84101535 0.87187472 0.86185096 0.89105408
 0.83932849 0.0026492 ]
epoch:97, class fscore: [0.78482571 0.85847861 0.84627518 0.82020302 0.80262191 0.88334688
 0.83710266 0.85858024 0.80825001 0.86289506 0.81066554 0.88186739
 0.86910209 0.89784091 0.83685696 0.86772456 0.85275874 0.88106719
 0.84485974 0.79463525]
epoch:98, class fscore: [0.71963052 0.84461842 0.83387468 0.82510773 0.79013485 0.88102927
 0.84495718 0.87735191 0.80987106 0.87008695 0.81455428 0.894603
 0.81066176 0.88173728 0.82723628 0.87021037 0.85697518 0.88380834
 0.84010044 0.02921838]
epoch:99, class fscore: [0.74379726 0.8321163  0.84737608 0.79823408 0.80315758 0.89084242
 0.8340688  0.88347848 0.82021752 0.87707049 0.82584368 0.89588207
 0.8680353  0.89454421 0.83568689 0.86263289 0.85243308 0.88771283
 0.83724064 0.00114855]
