epoch:0, class fscore: [2.64362636e-02 0.00000000e+00 0.00000000e+00 0.00000000e+00
 0.00000000e+00 0.00000000e+00 3.32348293e-02 0.00000000e+00
 0.00000000e+00 0.00000000e+00 0.00000000e+00 0.00000000e+00
 0.00000000e+00 1.19957321e-01 0.00000000e+00 0.00000000e+00
 0.00000000e+00 4.56513188e-06 2.06856799e-01 8.34746041e-02
 5.87985570e-01 0.00000000e+00 2.57933260e-04 2.57630367e-06
 1.75404780e-02 0.00000000e+00 6.80749096e-07 0.00000000e+00
 0.00000000e+00 0.00000000e+00 5.06548108e-04 0.00000000e+00
 0.00000000e+00 0.00000000e+00 0.00000000e+00 3.56044580e-03
 0.00000000e+00 0.00000000e+00 0.00000000e+00]
epoch:1, class fscore: [9.26870479e-04 0.00000000e+00 2.92501330e-04 1.64557254e-01
 0.00000000e+00 0.00000000e+00 1.73108367e-01 0.00000000e+00
 0.00000000e+00 8.26838762e-05 0.00000000e+00 0.00000000e+00
 0.00000000e+00 1.68395866e-01 0.00000000e+00 0.00000000e+00
 3.07866638e-05 1.46026299e-01 2.79114847e-01 1.38155535e-01
 6.40584785e-01 4.01204457e-01 3.91576222e-02 2.11859677e-01
 4.52648834e-01 0.00000000e+00 5.58230220e-05 0.00000000e+00
 0.00000000e+00 0.00000000e+00 1.15433011e-02 0.00000000e+00
 0.00000000e+00 0.00000000e+00 0.00000000e+00 1.57610010e-02
 0.00000000e+00 0.00000000e+00 1.46402484e-01]
epoch:2, class fscore: [2.80478152e-02 0.00000000e+00 0.00000000e+00 5.46336475e-01
 1.46053418e-06 0.00000000e+00 3.03909837e-01 7.48521234e-03
 0.00000000e+00 2.47900523e-01 7.62676639e-06 0.00000000e+00
 9.17722862e-03 2.43211257e-01 7.86290858e-02 0.00000000e+00
 5.28600031e-02 4.47000515e-01 5.35447095e-01 3.21721197e-01
 6.89246477e-01 6.92542925e-01 4.97139932e-01 6.04734318e-01
 5.28425690e-01 2.59536761e-03 3.45481098e-03 1.57771561e-02
 0.00000000e+00 0.00000000e+00 1.31793046e-01 0.00000000e+00
 0.00000000e+00 0.00000000e+00 2.37451089e-04 2.82455382e-01
 0.00000000e+00 4.33589288e-04 4.31336799e-01]
epoch:3, class fscore: [1.71811722e-02 6.45129643e-01 3.06434976e-02 7.14738906e-01
 1.15359847e-01 3.74261126e-03 4.83765157e-01 2.20271899e-01
 7.76526468e-05 4.45619756e-01 2.07692078e-02 0.00000000e+00
 2.15954019e-01 2.71880856e-01 4.77896205e-01 0.00000000e+00
 4.45555801e-01 5.12620438e-01 7.00405323e-01 4.44902782e-01
 7.17101314e-01 7.84308887e-01 6.93884181e-01 5.84611215e-01
 5.52350960e-01 8.52838897e-03 3.19792380e-01 4.10942577e-01
 0.00000000e+00 1.51090894e-03 3.77432173e-01 0.00000000e+00
 2.69785386e-05 9.53803056e-03 7.07028578e-03 6.34806738e-01
 0.00000000e+00 5.42518187e-01 5.23791909e-01]
epoch:4, class fscore: [5.71006738e-03 8.08607295e-01 3.60371707e-02 8.74052521e-01
 3.12952598e-01 2.49095855e-02 6.07565356e-01 7.23813630e-01
 2.95075166e-03 4.84677416e-01 2.65799125e-01 0.00000000e+00
 4.81008782e-01 5.21468668e-01 5.60608003e-01 0.00000000e+00
 5.09382503e-01 2.07210857e-01 8.55171626e-01 5.18879382e-01
 7.23190689e-01 8.47094555e-01 8.05869629e-01 5.48833573e-01
 5.93896904e-01 8.84226097e-02 3.56829012e-01 4.82980543e-01
 0.00000000e+00 3.06149586e-01 4.55775275e-01 2.41705571e-06
 1.07906876e-04 1.91149433e-03 1.48562263e-01 7.51312063e-01
 1.20811450e-04 7.90305378e-01 5.64237750e-01]
epoch:5, class fscore: [5.84120309e-03 9.09926004e-01 3.08142452e-02 8.80055690e-01
 1.31982887e-02 1.18223273e-03 5.26609178e-01 3.28361948e-01
 1.01796566e-04 5.14870088e-02 2.49928544e-02 0.00000000e+00
 2.04197953e-01 3.79417287e-01 5.00634088e-01 9.36522505e-05
 5.44471349e-01 3.79825789e-01 7.05562956e-01 3.95212699e-01
 5.88720925e-01 8.14306343e-01 7.46114193e-01 7.75362579e-01
 4.91503434e-01 1.36251851e-02 1.34656377e-01 3.12839468e-01
 0.00000000e+00 4.67057829e-01 5.81468696e-02 0.00000000e+00
 1.02467305e-03 0.00000000e+00 2.32028162e-01 6.95601045e-01
 3.35665087e-06 8.81910276e-01 4.07916681e-01]
epoch:6, class fscore: [6.08565575e-01 3.99159690e-01 3.58644463e-01 8.86189793e-01
 5.23738519e-01 4.36998710e-01 7.55477754e-01 8.12541920e-01
 1.72549721e-01 4.82529902e-01 5.62008647e-01 4.30235020e-04
 5.85752479e-01 6.82845672e-01 5.30593292e-01 1.63904805e-02
 5.82289474e-01 5.34374792e-01 6.70588658e-01 6.25010657e-01
 7.77459789e-01 5.67284320e-01 7.69197940e-01 7.56180218e-01
 5.79179640e-01 2.39016354e-02 6.10461732e-01 6.29693357e-01
 0.00000000e+00 6.04061590e-01 4.93838485e-01 1.05045544e-03
 6.18324503e-02 5.77899140e-02 4.45344650e-01 8.03482319e-01
 4.08943802e-04 8.21787112e-01 7.31880731e-01]
epoch:7, class fscore: [0.67931902 0.79262807 0.58278645 0.85265919 0.39363922 0.13425145
 0.63349948 0.60044543 0.15729777 0.58741478 0.67151432 0.01290953
 0.68723375 0.6256363  0.55669003 0.35873353 0.56669192 0.25663827
 0.43025936 0.60347959 0.73556947 0.88206089 0.78455601 0.21008524
 0.54554567 0.02438643 0.59383289 0.69118175 0.         0.53952712
 0.60426641 0.00351563 0.1312247  0.23225541 0.52970489 0.87232686
 0.0029401  0.90608966 0.72799422]
epoch:8, class fscore: [0.8236771  0.92189339 0.78913631 0.90789857 0.6931082  0.68801267
 0.83699568 0.86964597 0.48998966 0.70077369 0.84993115 0.51411898
 0.76748731 0.80543127 0.64928094 0.77347589 0.77251408 0.69108672
 0.90723557 0.83828193 0.81132384 0.91004874 0.88868208 0.72930276
 0.61565979 0.10623842 0.78123171 0.83154583 0.         0.71924743
 0.80634738 0.26473364 0.52726727 0.41966678 0.66307547 0.88048841
 0.32854555 0.88277706 0.85115711]
epoch:9, class fscore: [0.83593305 0.94123956 0.78054177 0.90647489 0.73835464 0.71743799
 0.84033875 0.89922341 0.5899905  0.64490618 0.81551855 0.67153919
 0.73684625 0.82807512 0.66329307 0.77486978 0.80073179 0.55382994
 0.91468739 0.81287951 0.80893674 0.91243155 0.87242306 0.77023868
 0.62274202 0.11912931 0.7539535  0.80378558 0.         0.77050851
 0.78478709 0.30361399 0.54789179 0.28748195 0.59951361 0.82541905
 0.12251782 0.93491591 0.86164404]
epoch:10, class fscore: [0.86022265 0.95645111 0.81656998 0.91290044 0.75417303 0.67563876
 0.83768615 0.86818273 0.4576474  0.72897799 0.8187043  0.74709434
 0.79674698 0.81975459 0.59323933 0.80351272 0.85777136 0.7477707
 0.9213589  0.84927675 0.83383152 0.8706834  0.88226825 0.6829798
 0.63242522 0.14846513 0.82899924 0.87182559 0.00101141 0.79060803
 0.84760184 0.29409773 0.56803622 0.47939269 0.67227127 0.88511882
 0.39264056 0.94110899 0.87083506]
epoch:11, class fscore: [0.76998158 0.91235599 0.74793184 0.90780013 0.48284277 0.59952246
 0.80420143 0.79031184 0.41955157 0.69471413 0.82378782 0.72185889
 0.77671941 0.79264364 0.56684499 0.79765835 0.77747724 0.26392673
 0.68467987 0.76195996 0.68190952 0.809921   0.85454669 0.87100755
 0.57450422 0.37169258 0.67880868 0.85917897 0.10241508 0.79880214
 0.78639289 0.34361881 0.53598904 0.4945506  0.66117864 0.84162155
 0.43214807 0.94889202 0.82446583]
epoch:12, class fscore: [0.86637786 0.96033615 0.85296075 0.91199562 0.78558238 0.77854196
 0.84904283 0.90594668 0.52202474 0.7566327  0.90054607 0.77271718
 0.80264766 0.84683755 0.69169745 0.85823403 0.8577298  0.68964321
 0.9214668  0.87927069 0.71702321 0.90999912 0.897168   0.86830926
 0.64796095 0.3547447  0.74688797 0.88977859 0.09916534 0.83025011
 0.8530351  0.14452073 0.6140412  0.56400468 0.72211314 0.88859654
 0.49078054 0.95328251 0.89256864]
epoch:13, class fscore: [0.822217   0.95326677 0.83517489 0.91167603 0.7460595  0.76512994
 0.84673502 0.89840986 0.49763076 0.76626906 0.89777395 0.76010803
 0.81464483 0.82405376 0.67624201 0.87712941 0.86063238 0.76618176
 0.91546657 0.86385095 0.83758319 0.91375552 0.89579298 0.69088244
 0.64081264 0.35259096 0.84321579 0.87516128 0.36814698 0.7932348
 0.81650287 0.31584814 0.59705885 0.43256011 0.74774842 0.90285445
 0.31272179 0.94799873 0.87690558]
epoch:14, class fscore: [0.8741547  0.92287207 0.85570976 0.9184101  0.77436784 0.74155912
 0.84822268 0.91238282 0.60608253 0.68214543 0.87403091 0.78487217
 0.84089395 0.84276718 0.68149499 0.87933222 0.83171787 0.6976686
 0.90866052 0.86824718 0.85706718 0.90206269 0.88367936 0.76074201
 0.65719075 0.4688479  0.81874252 0.89801454 0.40266204 0.83781314
 0.85127619 0.40105853 0.64133524 0.64637    0.76759383 0.90041468
 0.59874854 0.95226696 0.89570619]
epoch:15, class fscore: [0.8672563  0.96041298 0.83548577 0.90852096 0.8001751  0.78484586
 0.86607327 0.90534697 0.64072403 0.75984474 0.89245433 0.74722703
 0.84901942 0.83426725 0.70762086 0.81900781 0.87484355 0.59894449
 0.9208671  0.87921527 0.63052671 0.8612438  0.87899781 0.88536695
 0.64291236 0.5619376  0.31832747 0.86389425 0.56924133 0.77650823
 0.84986078 0.32721923 0.65384766 0.62565707 0.77193041 0.84128378
 0.634255   0.95010201 0.88655721]
epoch:16, class fscore: [0.87897792 0.96092957 0.88602872 0.92354818 0.8163459  0.80606453
 0.86041695 0.90972971 0.59931137 0.82368058 0.91250796 0.79513298
 0.8543672  0.86886084 0.69176035 0.89330549 0.89213687 0.78088198
 0.93109519 0.89298357 0.82798934 0.93141751 0.91038658 0.75798673
 0.6687027  0.59539499 0.85558448 0.8834158  0.63619509 0.82405853
 0.86999054 0.34709156 0.67045262 0.71996229 0.81537508 0.91451624
 0.64537102 0.95511734 0.90827129]
epoch:17, class fscore: [0.87120349 0.96199581 0.89055446 0.91754637 0.8172186  0.79861926
 0.87276171 0.92397315 0.54421082 0.8218256  0.9110495  0.80322771
 0.86660221 0.86439733 0.71973649 0.89460267 0.89088917 0.82177714
 0.93002692 0.891431   0.8608056  0.93015157 0.90858842 0.89943592
 0.66786129 0.62283769 0.88518088 0.89589335 0.67563933 0.84484175
 0.86584491 0.32615259 0.69845591 0.72099747 0.81834252 0.92184899
 0.66985283 0.95558363 0.89999066]
epoch:18, class fscore: [0.87427869 0.9557663  0.85956984 0.9106396  0.78710593 0.76673318
 0.86059453 0.90637461 0.49676821 0.81297372 0.88081569 0.76957297
 0.83956276 0.86174036 0.67326543 0.88857077 0.83659453 0.70311877
 0.91215655 0.87537    0.85296943 0.87781216 0.90015761 0.8507563
 0.68631735 0.55196673 0.82070027 0.83319626 0.71073413 0.70862038
 0.86755487 0.36699121 0.68180932 0.71537788 0.82306741 0.87211033
 0.69244403 0.94730256 0.90930797]
epoch:19, class fscore: [0.83868045 0.95703887 0.89064044 0.91892614 0.74683342 0.66619681
 0.87571069 0.91011537 0.5284483  0.79053456 0.89139055 0.78976072
 0.80873914 0.86155864 0.71571524 0.89212283 0.84469144 0.7934605
 0.91321042 0.86713971 0.85322842 0.93321027 0.88936034 0.86237686
 0.60513784 0.62711451 0.85403807 0.87921487 0.64912229 0.80590969
 0.8454321  0.31831783 0.67457973 0.61693998 0.73417012 0.90972932
 0.5942874  0.9510661  0.82412444]
epoch:20, class fscore: [0.88393244 0.96208347 0.89264196 0.92290446 0.81827885 0.81691335
 0.86936012 0.91560681 0.57956313 0.83617271 0.91692728 0.8087078
 0.87010505 0.85538711 0.69897899 0.89544886 0.89282928 0.81971767
 0.93489048 0.89801055 0.86620741 0.91657522 0.91026574 0.8964697
 0.7099655  0.58300709 0.88787537 0.89216671 0.73424772 0.8240975
 0.87792352 0.37749591 0.70468021 0.73444854 0.83802937 0.8893566
 0.68811674 0.9546408  0.90074   ]
epoch:21, class fscore: [0.84805505 0.9615161  0.89375278 0.92285253 0.8151692  0.79841663
 0.8681503  0.90448595 0.53637949 0.80674268 0.90716209 0.80559062
 0.84857394 0.87233458 0.71040978 0.89033536 0.86351154 0.81392594
 0.92613736 0.89358858 0.85444396 0.936918   0.90856187 0.80108652
 0.70509047 0.5347288  0.89267096 0.90923049 0.72469445 0.85964075
 0.85601212 0.35994153 0.64574823 0.68065758 0.8266773  0.92640937
 0.66307237 0.95304762 0.89841697]
epoch:22, class fscore: [0.87275935 0.9580022  0.88702969 0.92023417 0.82348051 0.81773506
 0.87556883 0.91120257 0.45688752 0.82877942 0.91510189 0.8122684
 0.83364645 0.86970128 0.70141543 0.89512035 0.89072727 0.79613197
 0.92887656 0.89745795 0.61253023 0.92228602 0.90698337 0.80752464
 0.72223748 0.61010894 0.74618659 0.91343363 0.77774072 0.83700478
 0.88016405 0.32856851 0.71133082 0.7211165  0.82276194 0.91596927
 0.66760137 0.95395792 0.90233588]
epoch:23, class fscore: [0.87308472 0.96122786 0.88827765 0.91534562 0.78468726 0.81366498
 0.87223534 0.9190532  0.53986781 0.77977251 0.90590579 0.79509323
 0.8653243  0.86839969 0.71727776 0.90598168 0.86604619 0.51828692
 0.93356943 0.88534047 0.81723672 0.89738321 0.89794974 0.8739274
 0.62828178 0.64921275 0.73875211 0.90142365 0.72954806 0.83585925
 0.81791313 0.34690785 0.67416492 0.70434437 0.82850454 0.84733634
 0.72692    0.95605543 0.87633067]
epoch:24, class fscore: [0.86429545 0.96133472 0.89650731 0.92448981 0.81576386 0.75608133
 0.88304384 0.88174702 0.6058676  0.8413931  0.91332929 0.80338452
 0.87298037 0.87551403 0.69384862 0.90242555 0.87631987 0.61322659
 0.92858423 0.89800605 0.83149676 0.92940844 0.90570837 0.8354208
 0.72359364 0.54951195 0.74722818 0.91384471 0.78955576 0.87043193
 0.8761843  0.38025636 0.71213857 0.740651   0.86207993 0.92339584
 0.69310252 0.95548382 0.8999523 ]
epoch:25, class fscore: [0.88432973 0.96174008 0.89699033 0.92310656 0.83128959 0.83486636
 0.88048595 0.8983557  0.48234591 0.84600762 0.91883955 0.81116598
 0.88323085 0.87606496 0.71450665 0.90188288 0.89769409 0.78840492
 0.93338477 0.89974183 0.85012877 0.93601802 0.91077627 0.86011137
 0.72959115 0.60858503 0.86400536 0.90836427 0.79624048 0.80337644
 0.8786863  0.34707512 0.72529753 0.75219382 0.86110624 0.9260095
 0.72823699 0.95564891 0.90292424]
epoch:26, class fscore: [0.88602004 0.96370248 0.90584125 0.92389284 0.83916944 0.83385211
 0.87777382 0.92478968 0.6523901  0.8261886  0.92075922 0.81212215
 0.87506079 0.87779683 0.67413677 0.90199897 0.90762154 0.78888061
 0.93601154 0.90386075 0.83790371 0.93250958 0.9073584  0.83820121
 0.73318818 0.6122834  0.809131   0.91607111 0.7913578  0.81672012
 0.8792189  0.3933122  0.70155518 0.75000525 0.8593933  0.91917297
 0.71934492 0.95565287 0.90374268]
epoch:27, class fscore: [0.88015219 0.96177528 0.9044338  0.92215556 0.83699354 0.83911261
 0.88579975 0.92089141 0.61286237 0.84251132 0.9191418  0.81338842
 0.88041804 0.88080579 0.72014464 0.90036467 0.89372988 0.83338066
 0.93533891 0.90020204 0.87656742 0.93783242 0.91134021 0.83005709
 0.72978766 0.62423307 0.90680164 0.92167642 0.8005556  0.82675339
 0.87722212 0.42986405 0.72510386 0.75315104 0.85720115 0.87439083
 0.72158729 0.95576908 0.90830014]
epoch:28, class fscore: [0.88041449 0.9592396  0.8874449  0.92520441 0.83098676 0.81626897
 0.87255585 0.90981995 0.49120603 0.84438634 0.90484907 0.81059188
 0.87512818 0.86770756 0.68193276 0.89972024 0.90095039 0.82927897
 0.93315335 0.90369067 0.8775262  0.93428058 0.9125547  0.84144097
 0.73081057 0.63355188 0.89505005 0.91177424 0.81870534 0.8661574
 0.87706403 0.38226011 0.71778188 0.75652307 0.83223138 0.90754317
 0.71386558 0.95744734 0.90857877]
epoch:29, class fscore: [0.87826353 0.959083   0.8954935  0.92020765 0.81858291 0.83123788
 0.88675663 0.91463845 0.6329647  0.84224178 0.90611659 0.81132684
 0.87420191 0.87997156 0.73182124 0.90619754 0.88484363 0.83579873
 0.93138307 0.88294477 0.86316562 0.93631209 0.91074515 0.87394177
 0.74487281 0.63401439 0.90380844 0.92331585 0.80295469 0.874444
 0.87245594 0.42990853 0.72761752 0.74839539 0.83254293 0.92527564
 0.72546435 0.95631642 0.90634198]
epoch:30, class fscore: [0.887253   0.96171097 0.90027324 0.92674267 0.82692008 0.841734
 0.8834146  0.91938112 0.55910583 0.85315793 0.91789953 0.80454007
 0.8784551  0.87564166 0.72007235 0.89946874 0.9030818  0.77591281
 0.93422378 0.89518861 0.8564412  0.93972256 0.90482454 0.86349203
 0.70654191 0.68728845 0.86435567 0.90720058 0.82644167 0.86358642
 0.88185914 0.32993776 0.70484783 0.76343857 0.86337717 0.92398002
 0.74158204 0.95635956 0.91004779]
epoch:31, class fscore: [0.87776642 0.96376355 0.89087127 0.92381414 0.83022692 0.83427713
 0.88281426 0.90944021 0.52378412 0.85543965 0.92049438 0.79546908
 0.86508849 0.87543424 0.68823568 0.90221951 0.90033286 0.7356433
 0.93247583 0.89964916 0.82210404 0.9390375  0.91010397 0.76820606
 0.72351293 0.67124289 0.80378931 0.9255428  0.79498818 0.86280637
 0.87988505 0.38856964 0.69949495 0.74586519 0.84337567 0.92196846
 0.71088869 0.94955782 0.90503098]
epoch:32, class fscore: [0.87785766 0.96446514 0.90309687 0.92542998 0.83966159 0.84315773
 0.88315954 0.91815416 0.55466028 0.84844795 0.92290303 0.81490326
 0.88138641 0.87695009 0.6839644  0.90164581 0.90979253 0.82666821
 0.93600336 0.90426323 0.85306784 0.93907014 0.91206781 0.81094703
 0.71789765 0.6884497  0.86040711 0.9216096  0.80994228 0.8472433
 0.87954672 0.38087147 0.74166446 0.75124055 0.83931232 0.92949852
 0.70482197 0.95542212 0.91300247]
epoch:33, class fscore: [0.8823787  0.96093282 0.9043263  0.92028864 0.8211668  0.84206167
 0.87637343 0.91882695 0.53129851 0.85308876 0.91912565 0.79457368
 0.88469105 0.87999594 0.72404163 0.86027146 0.90570914 0.81985569
 0.93559683 0.88716402 0.79227031 0.92892407 0.90101323 0.87528975
 0.73763513 0.64026348 0.86975793 0.91795731 0.81898871 0.86647147
 0.88255032 0.32754061 0.7323281  0.77038834 0.86600048 0.91981918
 0.66652009 0.95043599 0.90019938]
epoch:34, class fscore: [0.88440515 0.96326526 0.90885412 0.92620193 0.83765228 0.84770699
 0.88492587 0.90580887 0.53269777 0.85291185 0.92244327 0.81381133
 0.877398   0.87797027 0.70227346 0.9061766  0.90645115 0.82330768
 0.93318707 0.90967779 0.87218778 0.93833782 0.90760337 0.82435364
 0.73611674 0.68036376 0.91176437 0.91955062 0.81456146 0.86993448
 0.88594791 0.357936   0.71318954 0.76098781 0.85780003 0.92800036
 0.72868827 0.95654549 0.91358686]
epoch:35, class fscore: [0.88698512 0.96255359 0.90370145 0.9226717  0.82242387 0.84321545
 0.88814925 0.92226205 0.59199028 0.86229012 0.91966222 0.81564323
 0.88808584 0.88090781 0.72920762 0.90537179 0.90290791 0.79516232
 0.93820134 0.89273813 0.84508308 0.93513482 0.9134015  0.89150387
 0.7472628  0.68419577 0.86420195 0.92079443 0.8218235  0.80131773
 0.87931649 0.36404199 0.74168353 0.77238482 0.87725888 0.9265334
 0.74947197 0.95627398 0.90659896]
epoch:36, class fscore: [0.88656586 0.96324297 0.9042432  0.92062651 0.82937495 0.84918422
 0.88737101 0.92127456 0.5669051  0.85819687 0.91901943 0.81574166
 0.87686694 0.88144276 0.72725026 0.90600712 0.90622507 0.78759057
 0.93778475 0.90169849 0.84827476 0.94037592 0.91363082 0.86802197
 0.72926471 0.70683689 0.78813101 0.91528114 0.83017992 0.85832902
 0.88334892 0.40077973 0.73731267 0.77263402 0.86392267 0.92970907
 0.74209379 0.95625824 0.91633055]
epoch:37, class fscore: [0.88749665 0.96356168 0.90707621 0.92727125 0.83006977 0.84268976
 0.89029026 0.92061749 0.55580866 0.86064442 0.9216785  0.81394134
 0.88890123 0.885716   0.71400257 0.90588907 0.90983413 0.82597041
 0.9368424  0.90551291 0.84519997 0.93932395 0.91443394 0.82867871
 0.74815769 0.70606737 0.91157639 0.9263192  0.82893382 0.86392879
 0.88216374 0.4198425  0.73674939 0.77521242 0.86958857 0.92830388
 0.73046381 0.95446341 0.91071217]
epoch:38, class fscore: [0.88518853 0.9627234  0.90646853 0.92575363 0.82734908 0.84507046
 0.88660612 0.92736837 0.62670045 0.85284402 0.92111996 0.81378797
 0.88131537 0.88204469 0.69299308 0.90410697 0.88531557 0.60228537
 0.93793087 0.90668205 0.8234845  0.93685366 0.91079959 0.87090418
 0.75007925 0.68014767 0.7870627  0.92033144 0.81156355 0.86323917
 0.88348596 0.36744792 0.74532277 0.77212652 0.87023607 0.88634204
 0.71465832 0.9563353  0.91235739]
