epoch:0, class fscore: [0.         0.         0.         0.         0.         0.
 0.         0.         0.         0.         0.         0.
 0.         0.01225725 0.         0.         0.         0.
 0.         0.0003317 ]
epoch:1, class fscore: [0.         0.         0.         0.         0.         0.
 0.         0.         0.         0.         0.         0.00066738
 0.         0.0183492  0.         0.         0.         0.
 0.         0.25188811]
epoch:2, class fscore: [0.00000000e+00 0.00000000e+00 0.00000000e+00 0.00000000e+00
 0.00000000e+00 0.00000000e+00 0.00000000e+00 0.00000000e+00
 0.00000000e+00 0.00000000e+00 0.00000000e+00 9.26265389e-02
 0.00000000e+00 1.73953380e-04 0.00000000e+00 0.00000000e+00
 0.00000000e+00 0.00000000e+00 0.00000000e+00 2.32731668e-01]
epoch:3, class fscore: [0.00000000e+00 0.00000000e+00 0.00000000e+00 0.00000000e+00
 0.00000000e+00 0.00000000e+00 0.00000000e+00 0.00000000e+00
 0.00000000e+00 0.00000000e+00 5.58487616e-05 1.98285979e-01
 0.00000000e+00 1.56030503e-01 0.00000000e+00 0.00000000e+00
 0.00000000e+00 1.04465437e-02 0.00000000e+00 4.58209597e-01]
epoch:4, class fscore: [0.         0.         0.         0.         0.         0.
 0.         0.         0.         0.         0.0028737  0.31676405
 0.         0.01642136 0.         0.         0.         0.12309906
 0.         0.29671825]
epoch:5, class fscore: [0.00000000e+00 0.00000000e+00 0.00000000e+00 0.00000000e+00
 0.00000000e+00 0.00000000e+00 0.00000000e+00 1.09656137e-04
 0.00000000e+00 0.00000000e+00 2.00061118e-02 4.55687931e-01
 0.00000000e+00 1.95578201e-01 0.00000000e+00 0.00000000e+00
 0.00000000e+00 1.34722254e-01 1.67308629e-03 4.62178568e-01]
epoch:6, class fscore: [0.00000000e+00 0.00000000e+00 0.00000000e+00 0.00000000e+00
 0.00000000e+00 3.67764932e-03 3.17038350e-03 9.02224979e-03
 0.00000000e+00 0.00000000e+00 2.18845985e-02 6.23229250e-01
 0.00000000e+00 1.48906923e-01 0.00000000e+00 3.59958245e-04
 8.00072006e-05 1.83583125e-01 1.55082635e-02 3.85660619e-01]
epoch:7, class fscore: [0.         0.         0.         0.         0.         0.
 0.0544731  0.19754953 0.         0.         0.01317592 0.6198161
 0.         0.18790656 0.         0.00306978 0.0035384  0.10496115
 0.10194366 0.63876535]
epoch:8, class fscore: [0.00000000e+00 0.00000000e+00 0.00000000e+00 0.00000000e+00
 2.56990132e-05 5.81583709e-03 2.06712758e-01 4.25432402e-01
 1.42769231e-03 0.00000000e+00 3.48245660e-02 5.70535243e-01
 0.00000000e+00 2.33557514e-01 2.53044975e-03 4.10544696e-02
 1.99478364e-03 1.76452968e-01 6.85731827e-02 6.96514666e-01]
epoch:9, class fscore: [0.00000000e+00 0.00000000e+00 0.00000000e+00 0.00000000e+00
 8.65313893e-05 0.00000000e+00 8.00112223e-02 3.79077082e-01
 5.25890428e-03 0.00000000e+00 7.22694084e-03 6.66976516e-01
 0.00000000e+00 1.19526815e-01 4.85533671e-02 4.02432127e-02
 6.11869179e-03 9.07292354e-02 2.27479235e-01 5.28194063e-01]
epoch:10, class fscore: [0.00000000e+00 1.42295222e-04 0.00000000e+00 0.00000000e+00
 2.85994979e-02 0.00000000e+00 1.18317794e-01 4.21873264e-01
 4.83268653e-03 0.00000000e+00 2.99895173e-02 6.32315541e-01
 0.00000000e+00 2.91402861e-01 0.00000000e+00 5.11311385e-02
 5.15446859e-03 9.10392517e-02 9.40444898e-02 6.91473431e-01]
epoch:11, class fscore: [0.         0.01613616 0.         0.         0.0168057  0.
 0.263226   0.55564251 0.05213871 0.         0.03917148 0.78817689
 0.         0.5250748  0.         0.17906328 0.04576707 0.26858556
 0.27920378 0.70726381]
epoch:12, class fscore: [0.00000000e+00 3.53974709e-02 0.00000000e+00 0.00000000e+00
 8.72566758e-03 4.82668190e-05 1.17405006e-01 4.72627416e-01
 2.47191011e-04 0.00000000e+00 2.98531697e-02 5.94521124e-01
 1.87198362e-02 4.24244533e-01 1.04907332e-03 2.11620314e-02
 2.80219656e-02 5.61344291e-02 1.22206917e-01 4.92832677e-01]
epoch:13, class fscore: [0.         0.09306957 0.00160514 0.         0.02085371 0.03161833
 0.10229957 0.62203401 0.04504149 0.         0.08377138 0.61688141
 0.09029517 0.35329541 0.02173959 0.10361728 0.39794611 0.17737308
 0.16942292 0.51686653]
epoch:14, class fscore: [8.57635864e-03 6.55037216e-02 2.52111433e-04 0.00000000e+00
 0.00000000e+00 9.87861790e-04 3.71098672e-01 6.05285801e-01
 6.76803349e-02 0.00000000e+00 1.06990014e-01 7.46155188e-01
 2.47423565e-01 6.22280590e-01 3.87315769e-02 1.10041996e-01
 2.21841653e-01 1.55011367e-01 3.38992218e-01 6.12394881e-01]
epoch:15, class fscore: [0.00067407 0.11207586 0.         0.         0.01131499 0.
 0.03016041 0.51950093 0.09936052 0.         0.09472304 0.5456592
 0.03347274 0.34263704 0.0404049  0.02736283 0.21740962 0.32473414
 0.26818918 0.5292684 ]
epoch:16, class fscore: [7.39724338e-02 4.77082721e-02 3.90376256e-03 4.60511167e-04
 9.49092304e-03 1.15402937e-03 1.48589363e-01 6.33523480e-01
 4.89679629e-02 0.00000000e+00 1.31325142e-01 5.74541442e-01
 1.13018428e-01 3.08128765e-01 4.96280560e-02 1.19263895e-01
 1.21379374e-01 1.91260882e-01 1.25377056e-01 4.83139518e-01]
epoch:17, class fscore: [2.45938622e-01 4.42295438e-02 1.52834150e-02 4.36300175e-04
 2.31411118e-02 9.69360983e-03 4.10523396e-01 6.32322274e-01
 1.27494860e-01 2.65171985e-02 1.27198389e-01 7.56017505e-01
 2.97427479e-01 4.56209168e-01 1.95783981e-02 2.26664731e-01
 1.06392642e-01 1.06209332e-01 2.13124059e-01 5.86373452e-01]
epoch:18, class fscore: [9.20575525e-03 2.19902797e-02 0.00000000e+00 5.09599696e-03
 3.70732889e-02 0.00000000e+00 6.39146725e-02 4.62069927e-01
 1.49328890e-01 8.42167177e-03 9.23184563e-02 5.87443638e-01
 6.91461588e-02 3.40800120e-01 9.37315798e-03 9.85925908e-05
 6.35875656e-02 2.19677784e-01 9.09329589e-02 1.48053538e-01]
epoch:19, class fscore: [0.00618305 0.02972273 0.00505956 0.01735705 0.01455419 0.
 0.16295064 0.47072809 0.14854945 0.01206899 0.07048821 0.56557924
 0.06783056 0.29404171 0.04632598 0.0104595  0.02334096 0.26537392
 0.10090647 0.47018921]
epoch:20, class fscore: [0.05981094 0.03164142 0.0039167  0.06040309 0.00640525 0.
 0.30830892 0.59374493 0.11833076 0.00131782 0.08187101 0.57151937
 0.14527113 0.40526373 0.03721872 0.03957387 0.14520461 0.20936188
 0.18102669 0.43175044]
epoch:21, class fscore: [1.43490071e-01 4.43451519e-02 7.96753416e-02 2.59420196e-03
 2.77740065e-02 2.23663610e-04 3.56059071e-01 5.88170284e-01
 1.05996366e-01 1.24507159e-03 9.47242750e-02 6.03028228e-01
 1.98596854e-01 3.66636581e-01 3.03530137e-02 1.78512885e-01
 1.52233217e-01 2.16261933e-01 1.99535307e-01 5.50182899e-01]
epoch:22, class fscore: [0.13634296 0.0645694  0.09750199 0.06955995 0.013985   0.00782102
 0.25906009 0.59777014 0.06427271 0.         0.1007478  0.59400943
 0.2458304  0.33581753 0.04133305 0.1762681  0.06929271 0.25319621
 0.12464901 0.49867833]
epoch:23, class fscore: [6.99224075e-02 9.24747761e-02 9.42550949e-02 1.71147685e-02
 3.87206884e-02 4.41303021e-05 2.18275096e-01 5.26048666e-01
 2.19815616e-01 2.39208698e-05 1.19939004e-01 5.65257237e-01
 8.98256832e-02 2.58047283e-01 5.43885409e-02 1.11528304e-01
 1.14399370e-01 2.24474864e-01 1.51002629e-01 5.01529463e-01]
epoch:24, class fscore: [1.41229318e-01 3.24194201e-02 8.50061019e-03 1.02329099e-02
 4.39123303e-04 0.00000000e+00 1.96931859e-01 4.51902032e-01
 8.21247467e-02 2.62456859e-05 8.17465820e-02 6.37990705e-01
 3.00904560e-01 4.72381530e-01 1.96960736e-02 3.24494792e-02
 1.08647439e-02 2.75619644e-01 1.96857490e-01 5.26118842e-01]
epoch:25, class fscore: [1.38699986e-01 8.83598951e-02 8.88405896e-02 1.26329300e-01
 7.13854129e-02 4.58040908e-04 8.89369969e-02 4.99340780e-01
 8.53006583e-02 1.96598189e-03 6.35842814e-02 5.48509038e-01
 9.29485947e-02 2.00285724e-01 4.48464262e-02 1.30002381e-01
 8.53789801e-02 2.95277434e-01 1.80802296e-01 3.84820981e-01]
epoch:26, class fscore: [0.16879249 0.07884697 0.08862902 0.03459351 0.00208989 0.
 0.15743054 0.29052833 0.10560508 0.0009843  0.07217428 0.5874847
 0.27504656 0.32462324 0.03347757 0.11105451 0.00739842 0.33377065
 0.11194779 0.45227181]
epoch:27, class fscore: [5.73035683e-02 9.16304938e-02 9.83115886e-02 1.27525544e-01
 1.15196336e-02 4.92234993e-05 1.32598281e-01 4.95561746e-01
 8.66869200e-02 0.00000000e+00 1.05307174e-01 5.57084633e-01
 1.78906946e-01 2.09098269e-01 3.52928585e-02 1.61692409e-01
 1.14305364e-01 2.81349709e-01 1.30122666e-01 5.13284688e-01]
epoch:28, class fscore: [0.10275268 0.06024503 0.12881598 0.0594856  0.0342497  0.
 0.32333833 0.53134592 0.17104429 0.         0.0572606  0.55095311
 0.172831   0.30133231 0.04170091 0.0541749  0.0933902  0.21570305
 0.19043034 0.36562765]
epoch:29, class fscore: [1.45013132e-01 8.43638004e-02 8.88633901e-02 1.34915334e-01
 2.75591190e-02 0.00000000e+00 3.52773120e-01 5.85667470e-01
 1.86626308e-01 5.26649670e-04 6.68690080e-02 5.64144290e-01
 1.42086064e-01 3.53375180e-01 3.61397935e-02 1.27913893e-01
 2.33864128e-01 3.88438719e-01 2.27328127e-01 4.16922246e-01]
epoch:30, class fscore: [7.06516027e-02 7.83735431e-02 1.41513154e-01 9.61795245e-02
 2.46003158e-02 0.00000000e+00 2.76597044e-01 6.00356589e-01
 1.27554405e-01 1.39907428e-04 6.27334904e-02 5.53814887e-01
 1.37123803e-01 2.95155949e-01 2.76513753e-02 1.61310459e-01
 2.01008382e-01 3.11132324e-01 1.40850512e-01 3.78446503e-01]
epoch:31, class fscore: [0.13466094 0.05453322 0.07728961 0.04900215 0.00947827 0.
 0.33591744 0.5297226  0.14235179 0.00311042 0.06016782 0.57642528
 0.22159042 0.43225517 0.03593209 0.09060996 0.07213875 0.24901039
 0.1554031  0.43896268]
epoch:32, class fscore: [0.13575782 0.04424985 0.13159966 0.06332402 0.04675594 0.
 0.2685636  0.51340025 0.17029908 0.00087928 0.05624808 0.56314207
 0.21139164 0.36288939 0.029825   0.16495798 0.09604284 0.27755218
 0.16256742 0.41836319]
epoch:33, class fscore: [0.18941578 0.07490231 0.12339032 0.10137532 0.04756565 0.
 0.23883629 0.48204418 0.18557406 0.00438747 0.06722574 0.56953157
 0.18950658 0.31010421 0.0235826  0.12583255 0.11680432 0.35196503
 0.17943584 0.47281672]
epoch:34, class fscore: [1.34970942e-01 8.33840804e-02 8.29865624e-02 3.66690276e-02
 3.94184235e-03 0.00000000e+00 3.26094373e-01 5.18674114e-01
 1.69853442e-01 4.48933782e-04 6.05079348e-02 5.78756974e-01
 1.86325194e-01 3.15603035e-01 2.49780538e-02 1.25264271e-01
 6.48741302e-02 3.58436626e-01 1.18597424e-01 2.07269435e-01]
epoch:35, class fscore: [0.11069207 0.06333024 0.07919337 0.04762099 0.06953194 0.
 0.37002258 0.53867472 0.22333863 0.02493898 0.06209521 0.5649412
 0.16975731 0.45821292 0.02080377 0.06001247 0.1090817  0.40814566
 0.22978503 0.45767327]
epoch:36, class fscore: [1.14922133e-01 6.05633667e-02 8.93738371e-02 5.24918903e-02
 1.36041125e-02 0.00000000e+00 3.46876661e-01 3.88982925e-01
 1.06186384e-01 4.17490661e-04 5.77364840e-02 5.68712126e-01
 1.99429293e-01 3.58245950e-01 2.65473831e-02 3.87701436e-02
 3.55331948e-02 1.32433387e-01 1.05032300e-01 3.01403262e-01]
epoch:37, class fscore: [1.95166268e-01 9.18424396e-02 9.82698481e-02 4.53356925e-02
 3.43295555e-02 0.00000000e+00 3.02109914e-01 5.40306566e-01
 1.69279374e-01 2.22143238e-04 5.31212440e-02 5.81652082e-01
 2.33049063e-01 4.29847004e-01 3.26706103e-02 7.87843714e-02
 1.07697187e-01 3.77532102e-01 1.72426955e-01 4.26481572e-01]
epoch:38, class fscore: [0.18609701 0.07637907 0.1186686  0.05714402 0.00583841 0.
 0.31851873 0.50495334 0.14428275 0.02324175 0.05870336 0.55984084
 0.22816572 0.41672428 0.02493361 0.08287797 0.07943075 0.29115992
 0.16353036 0.37163646]
epoch:39, class fscore: [0.15709019 0.04983228 0.09982711 0.03604215 0.         0.
 0.16259836 0.459821   0.08099139 0.         0.03028269 0.54294075
 0.11521076 0.30719326 0.0066721  0.06899358 0.00208294 0.25155448
 0.07822688 0.23468428]
