epoch:0, class fscore: [0.67129833 0.22973653 0.47880109 0.49461416 0.49504076 0.01219618
 0.35023403 0.69990291 0.6554112  0.51704169 0.5098115  0.3893615
 0.44959122 0.30861773 0.43636914 0.40985228 0.83982001 0.61965482
 0.59277074 0.73144313]
epoch:1, class fscore: [0.80163695 0.60412152 0.71128104 0.67605941 0.69989632 0.26147499
 0.63712128 0.81136052 0.80049542 0.86328166 0.66875067 0.67215815
 0.67501451 0.71788332 0.6775946  0.49180409 0.89736092 0.84284253
 0.73206737 0.78926258]
epoch:2, class fscore: [0.7257901  0.59241722 0.61818772 0.85377665 0.83804975 0.76410302
 0.81613587 0.87990528 0.80032391 0.82645305 0.60821247 0.63738009
 0.56795045 0.76083891 0.76372605 0.71855871 0.93914983 0.84878269
 0.80410982 0.79882705]
epoch:3, class fscore: [0.80761783 0.61722061 0.82776824 0.89236507 0.85536733 0.8580871
 0.84611991 0.84164764 0.85961169 0.90679792 0.77895369 0.85685588
 0.81960246 0.81394478 0.80564224 0.75547842 0.93428666 0.89778553
 0.71945128 0.83809452]
epoch:4, class fscore: [0.79714055 0.80592351 0.81400527 0.84321907 0.86084616 0.86505317
 0.85715842 0.8814206  0.81881221 0.82513806 0.73872961 0.84392308
 0.83114644 0.80444861 0.70843927 0.80637318 0.93987811 0.85258437
 0.77597952 0.89018531]
epoch:5, class fscore: [0.84660569 0.67774716 0.8369459  0.88231698 0.8523414  0.77361522
 0.76048247 0.8869291  0.83726324 0.88411416 0.71079399 0.67374395
 0.79527155 0.72940516 0.86651549 0.72828037 0.91681043 0.91260383
 0.79257499 0.88472986]
epoch:6, class fscore: [0.82758635 0.69282465 0.74078419 0.91128308 0.74903568 0.83970064
 0.7856427  0.89690958 0.75469519 0.91946736 0.82858998 0.85618308
 0.89014558 0.80678478 0.52990636 0.80182113 0.93746199 0.83336816
 0.8336871  0.88994346]
epoch:7, class fscore: [0.84123896 0.45358987 0.73478406 0.84130939 0.70360774 0.8257042
 0.86412961 0.84600551 0.89453588 0.91725361 0.86490734 0.85659214
 0.65685467 0.8279164  0.71800771 0.81318081 0.93079877 0.9223214
 0.81678866 0.89281639]
epoch:8, class fscore: [0.83813642 0.78841882 0.83503046 0.88986154 0.7749647  0.88660506
 0.84645555 0.86880158 0.86433586 0.90867396 0.78662987 0.87957968
 0.87457264 0.82948047 0.86995109 0.78004678 0.93077959 0.91912877
 0.84409519 0.88403423]
epoch:9, class fscore: [0.82644573 0.82644272 0.79530873 0.88729498 0.82835934 0.88115808
 0.87636703 0.87673103 0.73100278 0.90153126 0.88939158 0.80278427
 0.88786357 0.79350323 0.85417572 0.72313233 0.91107911 0.88485933
 0.81056885 0.90391865]
epoch:10, class fscore: [0.781084   0.81212375 0.833897   0.89382443 0.88932723 0.84071566
 0.89166203 0.88194667 0.91856766 0.94272362 0.82541302 0.88493731
 0.82213879 0.86390695 0.88537777 0.77390953 0.95799222 0.93910792
 0.89339671 0.92688214]
epoch:11, class fscore: [0.7994467  0.83556751 0.84087687 0.93594415 0.8676119  0.86862101
 0.88741107 0.84436801 0.9031578  0.95164377 0.80454729 0.89236838
 0.86732146 0.85226559 0.86368338 0.80006112 0.94584919 0.93314486
 0.8293334  0.89294648]
epoch:12, class fscore: [0.86177933 0.68374903 0.82432438 0.86108324 0.89754159 0.92506256
 0.90051083 0.8981442  0.92833348 0.93953784 0.85925489 0.89609759
 0.91363219 0.8330236  0.79284971 0.80988045 0.9405078  0.90647476
 0.87459828 0.89379842]
epoch:13, class fscore: [0.75622149 0.76069816 0.81930597 0.85657929 0.79552493 0.85746693
 0.90243209 0.89685944 0.89874875 0.93372352 0.82024826 0.6788593
 0.67291566 0.83310979 0.86747179 0.78214124 0.95236167 0.93644186
 0.81982961 0.8952823 ]
epoch:14, class fscore: [0.87186211 0.85302483 0.86443081 0.93914803 0.90610956 0.93352752
 0.90947933 0.88993293 0.88867737 0.94392422 0.89498903 0.92385813
 0.94575137 0.90368516 0.88848778 0.88121004 0.95969333 0.92910371
 0.87126059 0.92791384]
epoch:15, class fscore: [0.82145459 0.82032719 0.84774737 0.90911436 0.848658   0.92058668
 0.91549266 0.84203613 0.89143068 0.92247402 0.89606173 0.90986472
 0.90723817 0.82436095 0.90628648 0.71576797 0.93572021 0.94242108
 0.84169098 0.89211463]
epoch:16, class fscore: [0.8452708  0.84882098 0.89846318 0.91786024 0.91467323 0.8980275
 0.91098287 0.8773127  0.91056992 0.9354149  0.84944742 0.89537757
 0.86870199 0.89123365 0.92454807 0.78436426 0.95345239 0.92111036
 0.85153517 0.91743279]
epoch:17, class fscore: [0.77805401 0.85744987 0.85247293 0.85878966 0.88909169 0.86540143
 0.84447399 0.89366306 0.92764634 0.91942492 0.87860036 0.61027208
 0.83567111 0.76900449 0.90475874 0.80834547 0.92007427 0.92386399
 0.75155401 0.90165783]
epoch:18, class fscore: [0.84611404 0.8576383  0.87874337 0.92579134 0.87157251 0.91325453
 0.90313092 0.89339967 0.93538152 0.8730798  0.84241671 0.89532937
 0.89377569 0.88941895 0.82114625 0.81147242 0.9641994  0.88999042
 0.89250909 0.91551553]
epoch:19, class fscore: [0.83945069 0.82149632 0.84622987 0.78840334 0.84563602 0.88895109
 0.71983612 0.86973501 0.91044396 0.89561751 0.8632563  0.8220814
 0.82779287 0.62128244 0.87361294 0.67342476 0.91225226 0.87554777
 0.81038396 0.90006866]
epoch:20, class fscore: [0.87898576 0.88400303 0.89531803 0.91188745 0.90302644 0.92922978
 0.93107647 0.92312988 0.92065166 0.95289688 0.88859452 0.92669596
 0.91571269 0.91227037 0.90183001 0.86064256 0.96030288 0.95104443
 0.87842172 0.90987139]
epoch:21, class fscore: [0.8556317  0.93280202 0.90495361 0.94211038 0.93368689 0.94739114
 0.94037203 0.90564134 0.92907131 0.93789963 0.84190497 0.93699461
 0.94425568 0.91921778 0.89968178 0.83528879 0.96504234 0.94294768
 0.90151    0.92271421]
epoch:22, class fscore: [0.8776063  0.92010686 0.89785556 0.9491343  0.92250105 0.92613639
 0.92444342 0.91265543 0.92310909 0.94257301 0.9129428  0.90344784
 0.91871798 0.90941512 0.9130357  0.87465609 0.95639307 0.93360213
 0.88289017 0.91490906]
