epoch:0, class fscore: [0.2896658  0.03609612 0.01383944 0.04043187 0.03474937 0.047189
 0.21073424 0.2070519  0.04568561 0.05349799 0.09740417 0.33001199
 0.04625858 0.00275294 0.14693446 0.01952975 0.5401814  0.41533811
 0.29432557 0.31359835]
epoch:1, class fscore: [2.17968014e-01 2.95247686e-02 2.49926125e-05 1.13999997e-01
 4.52850787e-03 3.12453041e-02 1.49219926e-01 3.01600320e-01
 3.31060943e-02 1.08964286e-01 6.83696801e-04 2.71963912e-01
 9.19731013e-02 3.95355130e-03 5.68615628e-02 1.26590229e-02
 5.54295259e-01 2.68298638e-01 2.39098514e-01 2.93388637e-01]
epoch:2, class fscore: [0.07505612 0.02847114 0.00490987 0.08858144 0.00381378 0.03457593
 0.09182249 0.06936991 0.01931038 0.08763725 0.04198103 0.24937197
 0.04169458 0.00786561 0.05523116 0.00692863 0.31057167 0.33462522
 0.1162042  0.33607317]
epoch:3, class fscore: [0.13008904 0.0282008  0.01320692 0.18592128 0.01185005 0.03022459
 0.22659937 0.32288946 0.014695   0.15802932 0.13684    0.29334462
 0.06754138 0.00491148 0.04220367 0.0300315  0.24553331 0.48401004
 0.30516966 0.29777549]
epoch:4, class fscore: [0.21557215 0.02106546 0.00080799 0.0853592  0.0058792  0.01307033
 0.13323728 0.18125141 0.01180173 0.10540481 0.00316633 0.29574807
 0.04469807 0.00434713 0.03688769 0.01363663 0.5047444  0.09908298
 0.25281751 0.21512573]
epoch:5, class fscore: [0.08911984 0.02371421 0.         0.05570878 0.00613723 0.02257713
 0.03661791 0.10211015 0.00791713 0.11402911 0.00049729 0.27698685
 0.06528999 0.00615343 0.04713498 0.02691689 0.18077292 0.16552497
 0.25239857 0.20005562]
epoch:6, class fscore: [0.05985397 0.02867527 0.00167483 0.01651058 0.00247983 0.02868707
 0.06533987 0.07330618 0.04625111 0.0144791  0.         0.30934121
 0.01675233 0.00605374 0.07030676 0.00682671 0.16952914 0.04623315
 0.16097726 0.20808094]
epoch:7, class fscore: [0.20310516 0.02863858 0.         0.13152047 0.01110091 0.01173477
 0.17539876 0.0945833  0.0128125  0.05783833 0.00542798 0.12537662
 0.02162998 0.00518161 0.0247132  0.01324603 0.34937599 0.15675896
 0.23786208 0.08852013]
epoch:8, class fscore: [0.17493449 0.02902887 0.02100925 0.04316303 0.01102911 0.00831296
 0.09020979 0.13177197 0.01750724 0.05755526 0.00524483 0.33081139
 0.04501925 0.00309515 0.03231769 0.01062693 0.25959873 0.13265393
 0.07501361 0.16627323]
epoch:9, class fscore: [0.01959945 0.02860374 0.01599492 0.11647714 0.00758529 0.00118316
 0.08948514 0.06708052 0.01117252 0.00706961 0.00760786 0.32249247
 0.0120706  0.00929056 0.03390225 0.01013701 0.31307308 0.16780893
 0.05762941 0.12906021]
epoch:10, class fscore: [0.15435585 0.02133082 0.00419106 0.00084035 0.00598826 0.00984512
 0.01823204 0.17678278 0.04277316 0.04850029 0.01371702 0.21931123
 0.00720198 0.00292092 0.03186719 0.00955816 0.53766007 0.40097333
 0.05037637 0.12498132]
epoch:11, class fscore: [0.0338985  0.01875761 0.05200904 0.07138789 0.00415919 0.00193749
 0.15638949 0.11408394 0.03346635 0.05521695 0.00090011 0.23387847
 0.04149103 0.00154354 0.02931922 0.00805137 0.53283692 0.35635944
 0.01365803 0.19200905]
epoch:12, class fscore: [1.24670016e-01 2.02655142e-02 9.95382267e-04 1.25642500e-03
 3.58582550e-03 4.44774972e-03 7.56400616e-02 1.26295822e-01
 3.46015274e-02 6.39085643e-02 4.02494932e-06 1.04478050e-01
 1.07284545e-02 4.32676089e-03 4.27217878e-02 2.81857799e-02
 1.82001716e-01 1.68711992e-01 7.99254321e-02 5.14350105e-02]
epoch:13, class fscore: [0.03680152 0.02044001 0.00478802 0.01153737 0.00213104 0.00438451
 0.08249531 0.08386436 0.01296823 0.10599228 0.0197301  0.0356615
 0.02287047 0.00025249 0.02569188 0.01985814 0.18611389 0.10892626
 0.0059109  0.23754865]
epoch:14, class fscore: [9.97059720e-02 2.65074482e-02 0.00000000e+00 2.22507313e-01
 3.62076298e-03 1.19170182e-03 4.99322703e-02 9.23157055e-02
 2.89231598e-02 1.02013286e-01 3.07595219e-04 2.42350994e-01
 1.00927907e-01 5.06864432e-03 6.12367687e-02 8.99356131e-03
 3.97156377e-01 1.70802473e-01 1.76093577e-02 2.18070507e-01]
epoch:15, class fscore: [0.12205593 0.01939997 0.00088643 0.04722148 0.0032549  0.00555563
 0.00219881 0.07575398 0.0084227  0.08351837 0.00428539 0.13889277
 0.02028579 0.00345187 0.03515147 0.00780643 0.09636413 0.15084397
 0.02071478 0.18386695]
epoch:16, class fscore: [0.09929128 0.02400056 0.01189571 0.05692038 0.00487789 0.0090549
 0.06622224 0.06621014 0.04089173 0.06192459 0.00174924 0.24256083
 0.0147008  0.00439615 0.0336131  0.00766682 0.22630632 0.1680724
 0.03334923 0.24725097]
epoch:17, class fscore: [2.30803745e-01 2.35695020e-02 7.36309624e-04 2.85461151e-02
 1.20981921e-02 1.76055781e-02 1.77326252e-02 9.10160881e-02
 2.63953039e-02 3.99283569e-02 3.33563353e-05 1.01926284e-01
 5.12833837e-03 3.14617880e-03 4.02200677e-02 4.69479229e-03
 1.46824927e-01 9.45343348e-02 3.91792044e-02 8.70528661e-02]
epoch:18, class fscore: [0.15831641 0.02194053 0.0057329  0.04684488 0.00385056 0.00145629
 0.10265991 0.09520621 0.03336728 0.04822048 0.00694865 0.0920609
 0.0164571  0.00206581 0.0370776  0.0157269  0.24271774 0.33334007
 0.0110664  0.31056305]
epoch:19, class fscore: [0.06198472 0.02370328 0.00123403 0.08327284 0.00261844 0.00318
 0.09383363 0.08469249 0.02498034 0.01406618 0.         0.09080316
 0.03669307 0.00324609 0.04101033 0.01834529 0.14300573 0.11427015
 0.00750566 0.14568472]
epoch:20, class fscore: [0.12566342 0.02509417 0.01511282 0.03536082 0.00281188 0.0110314
 0.05716129 0.05327614 0.02158873 0.11423469 0.00546601 0.11515995
 0.03996519 0.00665563 0.03277233 0.01061449 0.24525289 0.23418736
 0.04056448 0.15299681]
epoch:21, class fscore: [0.08769766 0.02134698 0.00117964 0.0416819  0.0022503  0.00242113
 0.08895314 0.0742833  0.01467223 0.06412826 0.         0.15426659
 0.03415149 0.00334508 0.02831752 0.0128182  0.15880412 0.20148573
 0.00335489 0.10270047]
epoch:22, class fscore: [0.15230242 0.02059427 0.00892203 0.06881287 0.00322497 0.00096115
 0.08244818 0.07480376 0.01443181 0.06406572 0.00057556 0.11752984
 0.02345739 0.00425909 0.04206255 0.00886729 0.32183774 0.17549588
 0.00788868 0.11275678]
